Z
1686.260437
1686.059839
1686.280242
1685.114246
1685.305263
1687.078809
1688.777436
1694.572328
1697.872533
1698.912006
1697.857626
1698.340764
1699.862164
1698.660132
1698.175682
1694.120961
1693.059183
1692.116526
1688.685033
1686.6598
1685.668993
1685.535984
1683.859213
1685.138374
1689.316125
1691.712598
1692.916504
1692.989285
1694.884834
1698.694797
1699.528867
1695.237121
1691.004125
1692.877154
1693.261676
1690.789486
1684.992718
1684.501619
1685.809946
1683.980022
1676.364029
1676.487983
1679.59344
1679.444349
1677.33809
1677.501904
1679.739469
1677.02542
1675.153825
1673.037352
1669.980211
1670.259295
1665.648533
1660.768124
1657.152673
1655.042993
1652.843582
1652.228825
1651.225292
1649.977281
1649.91627
1649.484699
1643.957627
1639.946305
1637.447423
1632.931991
1628.239273
1623.996959
1618.721836
1612.827085
1607.797273
1604.099845
1601.381221
1596.932218
1591.242908
1587.635673
1589.110336
1586.766286
1580.723336
1572.559724
1569.194669
1567.874199
1560.924833
1553.687562
1545.158752
1537.493623
1532.099587
1523.211993
1515.016608
1504.825596
1499.491442
1499.646543
1435.585188
1493.830547
1483.659284
1475.64776
1471.736249
1462.529513
1455.68419
1446.727874
1436.36784
1432.952943
1428.875537
1420.120942
1407.167853
1395.370794
1384.35829
1377.235764
1366.411706
1359.052165
1353.635995
1350.177391
1345.402848
1337.997183
1330.848668
1323.475464
1317.831522
1310.97255
1299.10907
1289.668096
1282.964551
1278.344908
1270.885661
1258.062988
1247.921946
1240.904849
1232.349806
1224.609451
1215.841783
1206.722072
1197.077192
1189.415204
1182.291145
1174.308837
1165.305055
1158.87953
1150.651619
1139.019384
1129.055714
1124.056205
1117.316697
1107.889052
1102.583248
1097.190748
1090.492758
1081.166661
1070.583629
1061.53424
1053.309612
1043.719878
1033.076563
1024.200037
1014.893989
1009.699399
997.8675966
986.5234171
978.2295097
969.3512919
962.5494085
955.3252267
948.9695476
941.0854263
934.8455418
927.8700905
917.9622082
908.589709
901.2560017
890.2636022
879.2712028
868.1678455
859.3680784
850.1291257
839.1256053
828.1496536
820.2587838
812.7261571
804.0658364
797.0316828
790.0738334
781.9367046
775.2011132
769.3512817
764.7100331
760.196868
743.0643179
734.4711845
724.8393491
713.5331367
701.8017629
690.0005329
679.230651
668.2524174
659.2570531
648.3574947
640.264349
632.819342
627.0549503
616.2652045
607.6682558
601.4408038
596.5521587
587.5213554
574.5390483
564.8231958
556.0429998
544.0750469
533.7939095
525.7041957
517.7132651
506.3582265
495.7352373
484.7255201
476.2527973
466.2492489
460.1526297
451.5520468
438.9222382
427.6524589
418.9268403
411.6533644
402.0540568
390.9603763
378.4687378
371.4459216
364.4974454
353.5891125
341.7739126
334.8749365
328.1678459
317.2953615
303.7530465
294.5860344
286.4669832
272.8234793
260.3158902
249.7713699
241.1926343
232.8024965
223.5094187
211.991904
203.3295659
196.3209061
188.2992799
177.6496362
165.9097248
156.1692587
147.8421468
139.2679524
126.9401478
114.9989452
104.9817437
93.92235442
83.03972828
71.11611848
60.34737448
50.94462102
40.84727584
29.90112635
20.21457231
11.30800002
2.481158131
-6.550501772
-15.96320478
-27.57437216
-39.78768221
-48.58935151
-57.19442889
-67.8336024
-79.20574102
-89.42493639
-100.4666881
-111.9688315
-123.0559148
-134.9661896
-145.5643622
-155.8117
-166.297256
-176.9140282
-188.2389846
-198.1161775
-207.097687
-217.9752594
-229.2868037
-239.4601111
-249.318644
-260.2800816
-270.8313662
-281.8089744
-292.9191134
-304.3321653
-315.4713002
-326.4682027
-336.5897902
-347.1177296
-357.6531791
-368.0574071
-380.6047715
