0.0109846
0.0024023
-0.00197569
-0.00288561
-0.00345819
-0.00314368
-0.00102171
0.00101
0.00276406
0.00487519
0.0064092
0.00688408
0.0060965
0.00551165
0.00562992
0.00590116
0.00573632
0.00506639
0.00428663
0.00364274
0.00582501
0.000887366
-0.00145946
-0.00167987
-0.000839178
0.000297617
0.0015121
0.00271443
0.00385776
0.00501661
0.0061189
0.00703757
0.00712727
0.00600224
0.00485904
0.00443607
0.0042099
0.00370898
0.00419149
0.0054149
0.00502691
0.00350263
0.00330487
0.00371923
0.00379416
0.00349615
0.002664
0.00232694
0.00284089
0.00299711
0.00289482
0.00317777
0.00327409
0.00242394
0.00145691
0.000442676
-0.000463797
-0.000996631
-0.000970197
-0.000979961
-0.00873433
-0.0015557
-0.00211314
0.00321114
-0.00172892
-0.000329532
-0.000423076
-4.13893e-05
-0.00184789
-0.00167947
-0.00468827
-0.00143017
-0.0103038
-5.23483e-05
0.00139585
0.00273388
0.00390577
0.00449666
0.00521909
0.00597534
0.00631327
0.00625801
0.00525717
0.00416415
0.00354595
0.00322282
0.00324957
0.00380951
0.00428977
0.00391841
0.00283211
0.00228703
0.00230243
0.00231226
0.00205724
0.00146537
0.00147835
0.00209272
0.00263916
0.00282517
0.00292251
0.00286502
0.0023966
0.00184794
0.00151564
0.00164967
0.00181265
0.00201305
0.00219151
0.00201907
0.00155776
0.00125985
0.00102845
0.000203067
-0.00139729
-0.020378
-0.00376149
-0.0108894
0.0011725
-0.0011851
-0.00191935
-0.00113287
0.00023288
0.00171183
0.00294721
0.00397799
0.00447852
0.00493854
0.00566572
0.00586923
0.00555181
0.00471681
0.00375776
0.00305775
0.00271746
0.00277673
0.00322697
0.00330197
0.00287189
0.00195769
0.00139256
0.00126745
0.00114932
0.000787648
0.000438518
0.000580963
0.00116769
0.00193294
0.00238173
0.00253015
0.00254807
0.00228395
0.00190012
0.00164496
0.00160364
0.00167193
0.00179133
0.00192547
0.00196203
0.00177624
0.0014888
0.00103602
0.000199199
-0.00106463
-0.00274486
-0.0111189
0.0022587
-0.000974623
-0.00207312
-0.00184394
-0.000641492
0.000708286
0.00188227
0.00277933
0.00362513
0.00439878
0.00511425
0.00570795
0.00576449
0.00533254
0.00457696
0.00361548
0.00292945
0.00248759
0.00235207
0.00255736
0.00243284
0.00177238
0.000900004
0.000424167
0.000326843
0.000217821
-0.000117177
-0.000307157
-1.35457e-05
0.000602706
0.00139776
0.00194512
0.0021832
0.00224798
0.00214242
0.00190748
0.00166979
0.00149013
0.00127542
0.00121419
0.00143151
0.00154537
0.00143167
0.00121224
0.000772493
0.000190584
-0.00071358
-0.00194511
-0.0113464
-0.0015839
-0.00243938
-0.00255321
-0.00156707
-6.25294e-05
0.00132014
0.00234468
0.00298363
0.00366486
0.00463357
0.00549699
0.00593467
0.00585189
0.00538335
0.0046768
0.00376067
0.00290308
0.00204828
0.00154595
0.00146332
0.00121745
0.000522817
-0.000240806
-0.000665376
-0.00072046
-0.000699687
-0.000867706
-0.000848821
-0.000394561
0.000341782
0.000978289
0.00148925
0.00189258
0.00194689
0.00195029
0.00185066
0.00154912
0.00122374
0.00085174
0.000732755
0.000860546
0.000914411
0.000863913
0.000669319
0.000364381
6.94545e-05
-0.000512415
-0.00147436
-0.0115748
-0.0244153
-0.00284789
-0.0023775
-0.00106276
0.000555529
0.00191011
0.00270682
0.00347909
0.00433863
0.00527106
0.00604263
0.00636355
0.00619034
0.0056206
0.0046974
0.0037744
0.00263462
0.00146341
0.000808195
0.000411393
-3.11755e-05
-0.000636839
-0.00133903
-0.00168156
-0.00171836
-0.00154593
-0.00146104
-0.00126477
-0.000725878
5.10274e-05
0.000598293
0.00104976
0.001508
0.001693
0.00179807
0.00169485
0.00128422
0.000840517
0.000360701
0.000207207
0.000280785
0.000331698
0.000333219
0.000221649
8.09332e-05
5.09064e-05
-0.00031156
-0.00116478
-0.00987636
-0.0283739
-0.00274529
-0.00207195
-0.000718825
0.000976676
0.00234751
0.00325769
0.00410072
0.00522027
0.00616301
0.0067968
0.00690106
0.00646967
0.00567781
0.00446677
0.00331418
0.00199985
0.000725109
4.64744e-06
-0.000501132
-0.000873404
-0.00143669
-0.00210782
-0.00232107
-0.00220329
-0.0020934
-0.00202668
-0.0017241
-0.00118299
-0.000433675
0.000265085
0.000781312
0.00120608
0.00141805
0.00148741
0.00128984
0.000901901
0.000363021
-0.00013826
-0.000245453
-0.000103226
5.06141e-05
3.39733e-05
-5.20936e-05
4.0348e-05
0.000203021
-2.04977e-05
-0.000785837
-0.00707525
-0.0327571
-0.00289484
-0.00171939
-0.000278848
0.0013064
0.00250945
0.00358309
0.00465515
0.00583206
0.00678396
0.00729859
0.00708592
0.00642413
0.00548881
0.0041485
0.00260007
0.00102453
-0.000186409
-0.000945161
-0.00133272
-0.00152028
-0.00200509
-0.00249408
-0.00257754
-0.00241485
-0.0023638
-0.00244034
-0.00219245
-0.00163614
-0.000812974
0.000118793
0.000777506
0.00115757
0.00132497
0.00123194
0.000929255
0.000486341
-9.09053e-05
-0.000477821
-0.000451226
-0.000200999
-4.25562e-06
1.27636e-05
4.67587e-05
0.000283083
0.000484603
0.000334512
-0.000378508
-0.0364296
-0.0036015
-0.00156187
0.000379826
0.00182258
0.00278482
0.0038362
0.00502328
0.00629271
0.00718245
0.00757901
0.00729707
0.00665456
0.00553117
0.00387732
0.0019584
0.000171035
-0.000970484
-0.00159467
-0.00186816
-0.00205051
-0.0024371
-0.00276507
-0.00285268
-0.00270824
-0.00259827
-0.00275341
-0.00262068
-0.00195325
-0.000881338
0.000176206
0.000911132
0.00127386
0.00129663
0.00100518
0.000668723
0.000252107
-0.000236637
-0.000491086
-0.000414873
-0.000184352
9.53477e-05
0.000236619
0.000269071
0.000608089
0.000804838
0.000691905
0.000224307
-0.0390752
-0.0041068
-0.00126257
0.00107932
0.00255766
0.00375313
0.00483436
0.0057896
0.00695429
0.00781487
0.00804029
0.00751864
0.00673794
0.00528087
0.00344298
0.00146119
-0.000507291
-0.00173011
-0.00235077
-0.00246133
-0.00260658
-0.00302569
-0.00328453
-0.00334131
-0.00314352
-0.0030526
-0.00318441
-0.00304677
-0.0022595
-0.00103289
0.000106679
0.000885181
0.00121276
0.00115654
0.000819454
0.000485853
0.000211964
-5.01569e-05
-0.00023586
-0.000220784
1.85607e-05
0.000207959
0.000333031
0.000370059
0.000657984
0.000922988
0.000935502
0.000717748
-0.0408082
-0.00402774
-0.000855052
0.00164227
0.00344107
0.00497291
0.00600436
0.00659976
0.00751828
0.00822773
0.00828059
0.00753671
0.00632759
0.00475832
0.00288141
0.000837192
-0.00107606
-0.00233279
-0.00284757
-0.00285713
-0.00300049
-0.00347619
-0.00391342
-0.00395364
-0.00378656
-0.00369416
-0.00364747
-0.00336378
-0.00247286
-0.00126707
-0.000149897
0.000633248
0.000912779
0.000937586
0.0007671
0.000579032
0.000442671
0.0002975
0.000205005
0.000207647
0.000279262
0.000356248
0.00037422
0.000417458
0.000662126
0.000745269
0.000849186
0.000915848
0.000520422
0.00056369
0.000608995
0.000718253
0.00080476
0.000673408
0.000795871
0.000803853
0.000754877
0.00075454
0.000776419
0.000769758
0.000751255
0.000722896
0.000645017
0.000528406
-0.00438895
-0.0044909
-0.00427362
-0.00419043
-0.00405819
-0.0035969
-0.00262043
-0.00140369
-0.000334482
0.000383574
-0.00018308
-0.00186032
-0.00280321
-0.0030946
-0.00305062
-0.00326146
-0.00379005
0.0075903
0.00801359
0.00793221
0.00705596
0.00544236
0.00364579
0.00184773
-0.0415898
-0.00338527
-0.000615886
0.00199747
0.00412699
0.00567519
0.00658722
0.00704325
0.0007623
0.000736974
0.00127085
0.00112105
0.000949634
0.000752926
0.000662978
0.000716779
0.0011849
0.00127864
0.00134837
0.00139858
-0.000257127
0.000408158
0.000697257
0.000835484
0.000939366
0.00105271
-0.00420622
-0.00370145
-0.00256515
-0.00130254
-0.00417801
-0.00484237
-0.00489356
-0.00457214
-0.00439721
-0.00315223
-0.00316437
-0.00306779
-0.00348476
0.0024984
0.000662488
-0.00113698
-0.00249574
0.00724552
0.00723318
0.00623477
0.0044871
0.00545748
0.0061872
0.00661277
0.00684383
-0.00206692
-5.70181e-05
0.00214208
0.00413098
-0.0418181
0.00108202
0.000995692
0.001144
0.000957282
0.00104695
0.00183565
0.00162985
0.00135528
0.00164598
0.00179026
0.00181403
0.00185933
0.000762604
0.000993598
0.00133927
-0.000168058
0.000438165
0.000634421
-0.00365491
-0.00258702
-0.00128314
-0.00475545
-0.00449912
-0.00420679
-0.00441152
-0.00503372
-0.00513649
-0.00325533
-0.00303426
-0.0035627
-0.00164753
-0.00291135
-0.00340236
0.00201667
9.8994e-05
0.0063524
0.00540207
0.00400059
0.00578307
0.00581948
0.00632185
0.00376649
0.00487827
0.00543767
0.000526772
0.00194552
-0.0420762
-0.000481902
0.0013348
0.00133731
0.00139121
0.00146074
0.00173488
0.00146789
0.00214862
0.00222136
0.00209226
0.0020726
0.00208315
-0.00452566
-0.00358864
0.000989762
0.00152969
0.00192666
-0.0048241
0.000426705
0.000595231
-0.00465949
-0.000405574
0.000212043
-0.00265795
-0.00145084
-0.00414462
-0.00526977
-0.00527988
-0.00358018
-0.00334532
-0.00382696
-0.00337001
-0.00374328
-7.46472e-05
-0.00202537
0.00354259
0.00177009
0.00561003
0.00479632
0.00539228
0.00570171
0.00505253
0.00542382
0.00337429
0.0043619
0.000929711
0.00193997
-0.0417195
0.000646286
0.00133232
0.00173541
0.00168418
0.00179954
0.00168953
0.00238256
0.00209666
0.00222633
0.00239678
0.00215494
0.00214926
0.00160773
0.00200674
0.000411409
0.000958921
-0.000111672
0.000194765
-0.000708611
-0.00267411
-0.00159446
-0.00414323
-0.0035301
-0.00485014
-0.0045225
-0.0053597
-0.00530953
-0.00482078
-0.00384476
-0.00416161
-0.00407837
-0.0040017
-0.00232742
-0.00360517
-0.000364072
0.00337058
0.00160326
0.00460352
0.00536903
0.00514215
0.00529194
0.00529323
0.00497153
0.00296584
0.0040119
0.000853418
0.00161849
0.00129029
-0.0399752
0.0010556
0.00208985
0.00178714
0.00207247
0.00247996
0.00219744
0.00253932
0.00264538
0.00224419
0.00213943
0.00213653
0.00205677
0.00104727
0.00171367
8.77031e-05
0.000414215
-0.000236788
-0.000848727
-0.00269588
-0.00166986
-0.00412444
-0.00353764
-0.00446523
-0.00511387
-0.00479712
-0.00518146
-0.00457356
-0.00487547
-0.00448016
-0.00452111
-0.00368737
-0.0043605
-0.00254586
0.00125128
-0.000764444
0.00309228
0.00439799
0.00523357
0.00497459
0.00534884
0.00538377
0.00400946
0.00506682
0.0027025
0.00102252
0.00141125
0.00209851
-0.0362228
0.000649805
0.00170121
0.00242403
0.00225231
0.00261306
0.00310144
0.0028808
0.00297154
0.00248021
0.00219587
0.0022485
0.00211108
0.00182168
0.000599854
0.00122936
0.000133495
-0.000880299
-0.000303797
-0.00448542
-0.00173361
-0.00280624
-0.00363922
-0.0043909
-0.0042074
-0.00464725
-0.00478117
-0.00458406
-0.00472485
-0.00461597
-0.00454921
-0.00420694
-0.00248558
-0.0034932
-0.000954737
0.000873024
0.00267999
0.00407412
0.00514682
0.0048251
0.00533742
0.00534492
0.00480914
0.00371221
0.00240848
0.00127943
0.00261792
0.00132467
-0.0308283
0.000373706
0.00156587
0.00224179
0.00285186
0.00252121
0.00329164
0.00358483
0.0035008
0.00299611
0.00242948
0.00258175
0.0023722
0.00198875
0.00135417
0.000691908
-0.000299074
0.00018093
-0.000969911
-0.00189248
-0.00291869
-0.0037676
-0.00424193
-0.00416423
-0.00410187
-0.00448519
-0.00427712
-0.00450897
-0.00437653
-0.00438094
-0.00425505
-0.00381925
-0.00319442
-0.00230377
-0.000955602
0.000722501
0.00246945
0.0037864
0.00456922
0.00493988
0.00507957
0.00496028
0.00318921
0.00437821
0.0019109
0.00113831
0.00123117
0.00221251
-0.0245661
0.000241808
0.00144674
0.00229018
0.00266427
0.0030355
0.00358635
0.00387409
0.00394425
0.00340915
0.00291566
0.00273758
0.00263147
0.00221291
0.00150123
0.000797969
0.000230027
-0.000314476
-0.000996214
-0.00196256
-0.00298217
-0.00371685
-0.00403741
-0.00396014
-0.00397057
-0.00429439
-0.00447067
-0.00440684
-0.00405369
-0.00383288
-0.003638
-0.0033111
-0.00277531
-0.00198816
-0.000816855
0.000786735
0.00235032
0.00348309
0.00413869
0.00458966
0.00473515
0.00457305
0.00389724
0.00263469
0.00131624
0.000792497
0.000246859
0.00155993
0.000924832
0.00249362
0.00118179
0.00297254
-0.0178947
0.00328942
0.0037819
0.00411805
0.00404057
0.00363197
0.00315221
0.00292468
0.00272655
0.00227458
0.0015814
0.000819891
0.000232022
-0.000300217
-0.000993188
-0.00193844
-0.00295028
-0.00363254
-0.00390289
-0.00380976
-0.00385923
-0.00430509
-0.00463212
-0.00441488
-0.00359736
-0.00303776
-0.00285524
-0.00275891
-0.00250821
-0.00165938
-0.000399402
0.00113749
0.00237333
0.00318536
0.00380489
0.00418574
0.00430556
0.00396013
8.29841e-05
0.00302424
0.00172158
0.00273717
0.00166101
0.00329403
0.00058632
0.00356851
0.000286817
0.00384067
0.000130374
0.00409075
-0.000382267
0.00403943
-0.0115877
0.00367123
0.00327472
0.00309789
0.0028457
0.00233309
0.00155801
0.000825329
0.00031339
-0.000237535
-0.000960832
-0.00192121
-0.00293272
-0.00355884
-0.00378176
-0.00374831
-0.00378478
-0.00426151
-0.00457511
-0.00429827
-0.00333223
-0.00254028
-0.00231434
-0.00233688
-0.00229198
-0.00145697
-7.20652e-05
0.00147554
0.00254505
0.0032129
-0.000224614
0.00355398
0.00164986
0.00371966
0.00273676
0.00377549
0.00334874
0.00327107
0.00361822
0.0022233
0.00380197
0.000897773
0.00398013
0.00389539
-9.03954e-05
-0.000373401
0.00365312
0.00334086
-0.000731552
0.00314762
-0.00169743
0.00290215
-0.00604456
0.00240438
0.00160663
0.000885
0.000431336
-0.000184115
-0.000959521
-0.0019967
-0.00300522
-0.00357982
-0.00379043
-0.0036469
-0.00371858
-0.00411244
-0.00434263
-0.00406153
-0.00319742
-0.00237555
-0.00216073
-0.002287
-0.00212732
-0.00129614
8.98526e-05
0.00170064
-0.000817762
0.00122727
0.0027531
0.0023358
0.00313615
0.00318826
0.00301055
0.00336921
0.003325
0.00369471
0.0032201
0.00391858
0.00245747
0.00384883
0.00144609
0.003593
0.000201915
0.00327318
-0.000756047
0.00307742
0.002776
-0.000986389
-0.00117666
0.00235208
0.00167574
-0.0021805
0.0010286
-0.00134789
0.000464319
-0.000204373
-0.000987054
-0.00207446
-0.00307778
-0.00362562
-0.00383005
-0.00370565
-0.00364471
-0.00394569
-0.00404293
-0.00367099
-0.00297552
-0.00230644
-0.0021962
-0.00239848
-0.00219141
-0.00168634
-0.00123092
0.000552168
0.000371319
0.00173744
0.00207723
0.00257193
0.00307696
0.00307222
0.003381
0.0034926
0.00317114
0.00376218
0.00320192
0.00374563
0.00348657
0.00295482
0.00203126
0.00308463
0.00278906
0.000912775
0.00249631
-0.000218965
0.00217599
-0.000896531
0.00168629
-0.00102723
0.00112475
-0.000903285
0.000501552
-0.00117301
-0.000188343
0.00259485
-0.0010934
-0.00218728
-0.00304844
-0.00351948
-0.00368882
-0.00374303
-0.00365228
-0.00366927
-0.00358313
-0.00315526
-0.00250667
-0.00212833
-0.00208349
-0.00279116
-0.0021308
-0.000184205
0.00126328
-0.00183371
-0.00078133
0.00229441
0.00295176
0.000862396
0.00251479
0.00338361
0.00356111
0.00366538
0.00370056
0.00387402
0.00371752
0.00342323
0.00295951
0.00349343
0.00258443
0.00295946
0.00221422
0.00211098
0.00192475
0.000985718
0.00154972
-0.000110659
0.00110345
-0.000470942
0.000576863
-0.000376918
-8.33992e-05
0.000312146
-0.00104684
0.00111783
-0.00209393
-0.00291438
0.00587269
-0.00339787
-0.0034251
-0.00341091
-0.00338326
-0.00326255
-0.00318579
-0.00279914
-0.00215491
-0.00407096
-0.00169018
-0.00104084
-0.00156416
0.000771424
-0.00146811
0.00208587
-0.00115996
0.00299755
-9.60806e-05
0.00353334
0.00145342
0.00377782
0.00309987
0.00379285
0.00350351
0.00417812
0.00448242
0.00310482
0.00422331
0.00261474
0.0021474
0.00380447
0.00182303
0.00309766
0.0014707
0.00243038
0.00110905
0.00140018
0.000717422
0.000198652
0.000178829
1.90396e-05
-0.000711498
0.000773397
-0.00175259
0.00213932
-0.00266078
0.00344048
-0.00314169
0.00886224
-0.00300511
-0.00280944
-0.00276489
-0.00279385
-0.00275118
-0.00579142
-0.00239739
-0.00206491
-0.00168215
-0.00120813
0.000162183
0.00183857
-0.00107982
0.0030467
-0.00088673
0.00373578
-0.000505367
0.00400676
0.000556081
0.00398025
0.00203838
0.00370974
0.00359514
0.00329765
0.00471328
0.00284269
0.00470608
0.00236019
0.00439122
0.00198155
0.00391659
0.00156539
0.00311618
0.00119124
0.00240132
0.000975411
0.000520672
0.0015148
-0.000305957
0.000645281
-0.00140816
0.000828832
-0.00236084
0.00214264
-0.00270896
0.00396825
-0.00250069
0.005488
-0.00224332
0.0118889
-0.0021551
-0.00222197
-0.00798844
-0.00224521
-0.00343839
-0.00191541
-0.000734302
-0.00124534
0.00140044
-0.000721032
0.00291824
-0.00048494
0.00390266
-0.000384902
0.00425925
-2.46724e-05
0.00418035
0.000907148
0.00381794
0.00343044
0.00229184
0.00310013
0.00364577
0.00276662
0.00459388
0.00234579
0.00473505
0.00176331
0.0043544
0.00129259
0.00358703
0.00110299
0.00290091
0.000819613
0.00213132
8.44214e-05
0.00147612
-0.000948869
0.00128215
-0.00193806
0.00213757
-0.00226639
0.00396901
-0.00222647
0.00611508
-0.00203886
-0.00173493
-0.0104928
0.00812176
-0.00153585
-0.00498816
0.0150534
-0.00153618
-0.00188167
0.000672439
-0.00132765
0.00255927
-0.000747892
0.00377576
-1.47673e-05
0.00418843
0.000281865
0.00409437
0.000336369
0.00372365
0.000498741
0.00335827
0.00114253
0.00326866
0.00214699
0.00322323
0.0032427
0.00287496
0.00397388
0.00213311
0.00425136
0.00145203
0.00392489
0.00126146
0.00316955
0.00117644
0.00254053
0.000628503
0.00188868
-0.000264282
0.00141673
-0.00116717
0.00183919
-0.00171664
0.00374271
-0.00215314
-0.00225417
-0.0132055
0.00632088
-0.00167405
-0.00673699
0.00877726
-0.000923717
-0.00339517
0.0114778
-0.000714872
-0.000914967
0.018305
-0.000785218
0.000976262
0.00237105
-0.000304415
0.00306731
0.000680037
0.00337306
0.00131505
0.00350096
0.00154435
0.00348936
0.00162215
0.00327668
0.00175777
0.00292274
0.00199752
0.0024416
0.00224283
0.00176178
0.00274449
0.00103209
0.00312231
0.000476671
0.00300619
0.000152084
0.00253065
0.000234312
0.00143549
0.000490845
0.00233934
0.00471384
0.00732713
0.0100306
0.0127297
0.0157774
0.0203955
0.0277884
0.0277884
