-172.019000 -117.506000 -676.191000
-165.021000 -117.597000 -677.888000
-158.053000 -117.699000 -679.607000
-151.080000 -117.797000 -681.328000
-144.103000 -117.898000 -683.042000
-137.139000 -117.998000 -684.770000
-130.172000 -118.105000 -686.504000
-123.200000 -118.202000 -688.224000
-116.233000 -118.303000 -689.946000
-109.263000 -118.410000 -691.681000
-102.305000 -118.513000 -693.414000
-95.335100 -118.615000 -695.125000
-88.355600 -118.716000 -696.836000
-81.379700 -118.813000 -698.545000
-74.410600 -118.916000 -700.266000
-67.437000 -119.016000 -701.984000
-60.464700 -119.119000 -703.710000
-53.498000 -119.220000 -705.424000
-46.527400 -119.319000 -707.146000
-39.547900 -119.419000 -708.858000
-171.936000 -110.315000 -676.291000
-164.949000 -110.415000 -677.993000
-157.982000 -110.516000 -679.722000
-151.000000 -110.615000 -681.435000
-144.036000 -110.721000 -683.160000
-137.069000 -110.819000 -684.889000
-130.104000 -110.925000 -686.626000
-123.131000 -111.024000 -688.343000
-116.164000 -111.127000 -690.067000
-109.194000 -111.228000 -691.794000
-102.223000 -111.325000 -693.500000
-95.257900 -111.430000 -695.224000
-88.273300 -111.527000 -696.934000
-81.306600 -111.632000 -698.660000
-74.328700 -111.732000 -700.366000
-67.360300 -111.834000 -702.099000
-60.392400 -111.933000 -703.811000
-53.420900 -112.032000 -705.521000
-46.445400 -112.143000 -707.252000
-39.472200 -112.244000 -708.971000
-32.502400 -112.338000 -710.669000
-25.525600 -112.435000 -712.391000
-18.544400 -112.543000 -714.129000
-11.577000 -112.643000 -715.835000
-4.612910 -112.743000 -717.559000
2.364540 -112.843000 -719.284000
9.329470 -112.948000 -721.010000
16.307000 -113.043000 -722.715000
23.282800 -113.150000 -724.443000
30.257300 -113.249000 -726.143000
37.232700 -113.346000 -727.862000
44.205800 -113.449000 -729.584000
51.186200 -113.546000 -731.298000
58.151000 -113.650000 -733.030000
65.118900 -113.746000 -734.726000
72.095300 -113.848000 -736.444000
79.062800 -113.952000 -738.169000
86.046200 -114.053000 -739.881000
93.006300 -114.152000 -741.604000
99.967700 -114.255000 -743.324000
-178.691000 -102.997000 -674.493000
106.951000 -114.356000 -745.042000
113.922000 -114.456000 -746.769000
-171.859000 -103.138000 -676.396000
120.898000 -114.560000 -748.490000
-164.874000 -103.233000 -678.100000
127.867000 -114.655000 -750.182000
134.832000 -114.758000 -751.892000
-157.905000 -103.336000 -679.826000
141.817000 -114.860000 -753.606000
148.796000 -114.963000 -755.316000
-150.931000 -103.432000 -681.548000
155.765000 -115.060000 -757.028000
-143.963000 -103.539000 -683.273000
-136.993000 -103.637000 -685.002000
-130.029000 -103.740000 -686.728000
-123.056000 -103.840000 -688.449000
-116.084000 -103.939000 -690.173000
-109.120000 -104.044000 -691.904000
-102.151000 -104.146000 -693.618000
-95.182700 -104.246000 -695.335000
-88.200400 -104.347000 -697.050000
-81.230600 -104.447000 -698.758000
-74.255800 -104.544000 -700.480000
-67.288600 -104.646000 -702.194000
-60.310800 -104.753000 -703.920000
-53.342100 -104.853000 -705.623000
-46.370000 -104.955000 -707.340000
-39.392300 -105.054000 -709.068000
-32.426500 -105.157000 -710.779000
-25.450300 -105.259000 -712.491000
-18.465700 -105.355000 -714.215000
-11.497300 -105.458000 -715.941000
-4.535310 -105.559000 -717.665000
2.439890 -105.665000 -719.394000
9.407540 -105.761000 -721.116000
16.382500 -105.862000 -722.828000
23.359700 -105.963000 -724.541000
30.333100 -106.062000 -726.252000
37.309900 -106.163000 -727.962000
44.283700 -106.262000 -729.679000
51.263600 -106.362000 -731.404000
58.229000 -106.468000 -733.132000
65.197100 -106.563000 -734.843000
72.165500 -106.667000 -736.548000
79.143000 -106.771000 -738.268000
86.122000 -106.869000 -739.995000
93.080700 -106.970000 -741.716000
100.047000 -107.072000 -743.426000
107.028000 -107.175000 -745.146000
114.000000 -107.274000 -746.871000
120.972000 -107.377000 -748.589000
127.941000 -107.474000 -750.290000
134.913000 -107.575000 -752.004000
141.895000 -107.678000 -753.724000
-178.666000 -95.830400 -674.673000
148.873000 -107.775000 -755.420000
155.843000 -107.878000 -757.126000
-171.770000 -95.951200 -676.480000
-164.799000 -96.050500 -678.209000
-157.826000 -96.151300 -679.931000
-150.853000 -96.249600 -681.644000
-143.887000 -96.349700 -683.374000
-136.919000 -96.452800 -685.101000
-129.952000 -96.561000 -686.820000
-122.981000 -96.662400 -688.560000
-116.012000 -96.760200 -690.273000
-109.047000 -96.863100 -692.010000
-102.074000 -96.962600 -693.726000
-95.104800 -97.061800 -695.440000
-88.129400 -97.160700 -697.150000
-81.153500 -97.263400 -698.870000
-74.179000 -97.367800 -700.583000
-67.209200 -97.468600 -702.300000
-60.238600 -97.570700 -704.015000
-53.265700 -97.667400 -705.732000
-46.291500 -97.772800 -707.452000
-39.318200 -97.873400 -709.175000
-32.347700 -97.972600 -710.880000
-25.366800 -98.070400 -712.584000
-18.391100 -98.178100 -714.318000
-11.419800 -98.276800 -716.034000
-4.455550 -98.376300 -717.758000
2.520410 -98.474900 -719.493000
9.482980 -98.578600 -721.210000
16.461100 -98.680000 -722.921000
23.440500 -98.776300 -724.632000
30.412000 -98.881100 -726.349000
37.388900 -98.982100 -728.071000
44.363000 -99.080500 -729.791000
51.337500 -99.184000 -731.509000
58.308400 -99.284900 -733.233000
65.271300 -99.380700 -734.937000
72.250600 -99.486300 -736.646000
79.217100 -99.584400 -738.372000
86.204300 -99.685600 -740.094000
93.161100 -99.789000 -741.804000
100.122000 -99.891900 -743.537000
107.105000 -99.991500 -745.251000
114.078000 -100.091000 -746.983000
121.049000 -100.193000 -748.690000
128.018000 -100.292000 -750.397000
134.985000 -100.395000 -752.114000
141.967000 -100.497000 -753.826000
148.951000 -100.596000 -755.527000
155.918000 -100.694000 -757.235000
-178.625000 -88.655600 -674.819000
-171.712000 -88.771400 -676.612000
-164.717000 -88.868100 -678.316000
-157.752000 -88.967700 -680.033000
-150.779000 -89.073000 -681.756000
-143.814000 -89.170900 -683.485000
-136.845000 -89.275500 -685.206000
-129.871000 -89.375700 -686.933000
-122.903000 -89.479700 -688.658000
-115.937000 -89.581100 -690.393000
-108.967000 -89.679700 -692.107000
-101.998000 -89.780400 -693.831000
-95.027800 -89.880400 -695.544000
-88.051000 -89.986600 -697.270000
-81.079700 -90.083200 -698.979000
-74.108400 -90.188100 -700.693000
-67.130100 -90.284300 -702.411000
-60.159300 -90.388200 -704.132000
-53.190000 -90.488100 -705.834000
-46.213600 -90.591600 -707.550000
-39.240500 -90.685600 -709.276000
-32.269100 -90.790400 -710.978000
-25.296000 -90.891000 -712.702000
-18.314900 -90.991800 -714.425000
-11.343500 -91.093700 -716.144000
-4.379970 -91.194700 -717.866000
2.597410 -91.297100 -719.586000
9.561500 -91.395300 -721.313000
16.543300 -91.497000 -723.023000
23.517500 -91.596200 -724.743000
30.485900 -91.696300 -726.458000
37.465800 -91.797600 -728.168000
44.438000 -91.898900 -729.895000
51.417300 -92.001700 -731.614000
58.383900 -92.100800 -733.335000
65.351600 -92.201700 -735.053000
72.321600 -92.303300 -736.770000
79.294300 -92.404100 -738.487000
86.276100 -92.505500 -740.203000
93.236900 -92.608100 -741.924000
100.196000 -92.709500 -743.653000
107.187000 -92.810800 -745.368000
114.156000 -92.913900 -747.084000
121.122000 -93.015500 -748.807000
128.095000 -93.111500 -750.511000
135.062000 -93.213100 -752.228000
142.047000 -93.312800 -753.923000
149.023000 -93.409900 -755.632000
155.991000 -93.514400 -757.345000
-178.584000 -81.485700 -674.980000
-171.622000 -81.585900 -676.700000
-164.651000 -81.684600 -678.428000
-157.689000 -81.789900 -680.161000
-150.711000 -81.891000 -681.876000
-143.739000 -81.987500 -683.593000
-136.771000 -82.091500 -685.315000
-129.803000 -82.191400 -687.048000
-122.830000 -82.294300 -688.760000
-115.860000 -82.394900 -690.490000
-108.889000 -82.497100 -692.213000
-101.926000 -82.599400 -693.942000
-94.959100 -82.698500 -695.653000
-87.977100 -82.799200 -697.378000
-81.007300 -82.901800 -699.090000
-74.027500 -83.000800 -700.797000
-67.055600 -83.104400 -702.517000
-60.085300 -83.207100 -704.235000
-53.115100 -83.304800 -705.940000
-46.137700 -83.404400 -707.665000
-39.162300 -83.506600 -709.366000
-32.192700 -83.607900 -711.090000
-25.219400 -83.705100 -712.804000
-18.235600 -83.807100 -714.526000
-11.271100 -83.912500 -716.249000
-4.304880 -84.011200 -717.973000
2.676990 -84.109100 -719.689000
9.636750 -84.213300 -721.416000
16.616400 -84.315500 -723.131000
23.593700 -84.412400 -724.852000
30.564600 -84.513000 -726.560000
37.538200 -84.616700 -728.285000
44.514100 -84.720000 -730.001000
51.494900 -84.817500 -731.716000
58.462600 -84.920300 -733.444000
65.423500 -85.020400 -735.150000
72.400000 -85.121100 -736.866000
79.370600 -85.222600 -738.591000
86.355900 -85.320700 -740.313000
93.317800 -85.425900 -742.045000
100.277000 -85.530300 -743.752000
107.259000 -85.629100 -745.479000
114.230000 -85.729600 -747.206000
121.203000 -85.831800 -748.915000
128.172000 -85.930200 -750.632000
135.140000 -86.030500 -752.324000
142.123000 -86.134500 -754.036000
149.104000 -86.228200 -755.730000
156.068000 -86.331000 -757.440000
-178.526000 -74.304900 -675.097000
-171.557000 -74.404900 -676.823000
-164.574000 -74.505300 -678.530000
-157.596000 -74.607300 -680.242000
-150.632000 -74.710100 -681.989000
-143.666000 -74.809400 -683.699000
-136.694000 -74.907800 -685.429000
-129.720000 -75.009400 -687.144000
-122.755000 -75.115700 -688.875000
-115.786000 -75.216700 -690.606000
-108.812000 -75.314000 -692.318000
-101.851000 -75.419800 -694.043000
-94.880700 -75.517600 -695.763000
-87.905100 -75.618000 -697.485000
-80.926400 -75.718500 -699.192000
-73.951400 -75.817900 -700.902000
-66.978000 -75.918200 -702.619000
-60.007700 -76.021200 -704.334000
-53.039900 -76.120000 -706.043000
-46.057800 -76.223300 -707.763000
-39.084100 -76.324100 -709.478000
-32.123400 -76.425400 -711.203000
-25.136500 -76.525000 -712.897000
-18.159700 -76.625900 -714.626000
-11.192500 -76.725300 -716.356000
-4.227580 -76.826000 -718.075000
2.753600 -76.927000 -719.791000
9.718370 -77.029800 -721.521000
16.692300 -77.131700 -723.238000
23.674100 -77.233200 -724.953000
30.639100 -77.336600 -726.673000
37.616700 -77.432400 -728.392000
44.593100 -77.535000 -730.101000
51.572200 -77.635600 -731.827000
58.534100 -77.736200 -733.556000
65.503300 -77.838100 -735.265000
72.476000 -77.940900 -736.987000
79.444500 -78.038600 -738.708000
86.431500 -78.139700 -740.418000
93.390000 -78.248200 -742.140000
100.353000 -78.346700 -743.857000
107.338000 -78.449100 -745.583000
114.308000 -78.550500 -747.299000
121.279000 -78.648500 -749.022000
128.247000 -78.749600 -750.716000
135.217000 -78.853000 -752.432000
142.197000 -78.950700 -754.137000
149.176000 -79.053100 -755.847000
156.147000 -79.151200 -757.558000
-178.444000 -67.121900 -675.203000
-171.470000 -67.222200 -676.911000
-164.505000 -67.325900 -678.645000
-157.526000 -67.423600 -680.364000
-150.559000 -67.528400 -682.089000
-143.595000 -67.626500 -683.821000
-136.626000 -67.723900 -685.549000
-129.652000 -67.830300 -687.260000
-122.680000 -67.929800 -688.985000
-115.711000 -68.030300 -690.711000
-108.740000 -68.133700 -692.429000
-101.780000 -68.239200 -694.164000
-94.804700 -68.337200 -695.875000
-87.830100 -68.436300 -697.600000
-80.852500 -68.539900 -699.304000
-73.878400 -68.636300 -701.014000
-66.906900 -68.738200 -702.725000
-59.927400 -68.840400 -704.437000
-52.957300 -68.940500 -706.149000
-45.987400 -69.042300 -707.866000
-39.009600 -69.142400 -709.578000
-32.043000 -69.244900 -711.302000
-25.066400 -69.343600 -713.020000
-18.085900 -69.443300 -714.749000
-11.115300 -69.546100 -716.457000
-4.148890 -69.648400 -718.183000
2.828420 -69.745000 -719.907000
9.789110 -69.848000 -721.635000
16.768200 -69.952000 -723.346000
23.745000 -70.051300 -725.064000
30.718500 -70.152000 -726.782000
37.694300 -70.255500 -728.497000
44.669300 -70.354900 -730.217000
51.646300 -70.453800 -731.932000
58.616800 -70.557400 -733.659000
65.577800 -70.656400 -735.375000
72.551200 -70.757600 -737.091000
79.522000 -70.859400 -738.814000
86.509400 -70.964300 -740.527000
93.464900 -71.063300 -742.242000
100.430000 -71.166300 -743.968000
107.413000 -71.269900 -745.686000
114.385000 -71.370900 -747.403000
121.357000 -71.468700 -749.121000
128.325000 -71.571100 -750.836000
135.293000 -71.669400 -752.542000
142.272000 -71.771100 -754.253000
149.254000 -71.873000 -755.961000
156.218000 -71.969600 -757.658000
-178.372000 -59.943000 -675.320000
-171.400000 -60.043100 -677.031000
-164.432000 -60.144100 -678.763000
-157.453000 -60.243400 -680.473000
-150.488000 -60.346300 -682.203000
-143.511000 -60.446000 -683.918000
-136.547000 -60.543600 -685.645000
-129.581000 -60.650400 -687.377000
-122.603000 -60.750600 -689.095000
-115.641000 -60.851200 -690.825000
-108.668000 -60.952200 -692.540000
-101.696000 -61.047900 -694.266000
-94.731500 -61.153900 -695.989000
-87.747600 -61.255100 -697.696000
-80.781500 -61.357500 -699.424000
-73.799000 -61.456300 -701.118000
-66.823300 -61.557300 -702.823000
-59.856400 -61.658500 -704.543000
-52.885300 -61.757700 -706.261000
-45.906900 -61.857600 -707.974000
-38.934500 -61.960300 -709.692000
-31.964500 -62.056500 -711.406000
-24.987800 -62.159000 -713.118000
-18.009900 -62.264400 -714.858000
-11.039500 -62.364200 -716.569000
-4.080490 -62.462300 -718.295000
2.900730 -62.566800 -720.024000
9.867640 -62.670100 -721.737000
16.843800 -62.767100 -723.460000
23.820800 -62.870200 -725.179000
30.791100 -62.973100 -726.894000
37.770200 -63.071800 -728.611000
44.745000 -63.173400 -730.313000
51.727000 -63.276000 -732.030000
58.689800 -63.372700 -733.759000
65.653200 -63.473100 -735.478000
72.626500 -63.579900 -737.208000
79.596900 -63.681800 -738.917000
86.586500 -63.781700 -740.639000
93.545900 -63.884200 -742.351000
100.510000 -63.984800 -744.065000
107.488000 -64.085300 -745.791000
114.460000 -64.185900 -747.513000
121.435000 -64.294700 -749.233000
128.401000 -64.390000 -750.947000
135.370000 -64.485400 -752.631000
142.349000 -64.588000 -754.351000
149.328000 -64.690300 -756.060000
-178.299000 -52.764100 -675.427000
-171.335000 -52.861300 -677.144000
-164.358000 -52.964100 -678.875000
-157.382000 -53.061200 -680.590000
-150.413000 -53.167200 -682.316000
-143.433000 -53.264900 -684.028000
-136.476000 -53.366900 -685.765000
-129.509000 -53.465500 -687.496000
-122.539000 -53.570200 -689.228000
-115.566000 -53.668300 -690.936000
-108.599000 -53.774200 -692.673000
-101.624000 -53.871300 -694.375000
-94.653500 -53.972700 -696.089000
-87.669900 -54.071900 -697.809000
-80.705600 -54.175000 -699.526000
-73.725900 -54.275200 -701.225000
-66.746500 -54.375900 -702.933000
-59.774000 -54.475800 -704.644000
-52.806000 -54.576800 -706.365000
-45.831900 -54.678600 -708.076000
-38.857400 -54.774200 -709.803000
-31.891300 -54.878600 -711.531000
-24.914600 -54.981600 -713.239000
-17.936300 -55.082000 -714.972000
-10.964300 -55.179600 -716.684000
-3.996750 -55.283900 -718.402000
2.975540 -55.387200 -720.138000
9.945670 -55.483600 -721.853000
16.918800 -55.587500 -723.567000
23.891600 -55.689000 -725.289000
30.865400 -55.788100 -727.001000
37.845100 -55.891400 -728.716000
44.821600 -55.994500 -730.425000
51.799100 -56.093000 -732.145000
58.766400 -56.192900 -733.864000
65.729600 -56.295200 -735.583000
72.699300 -56.398000 -737.325000
79.673200 -56.499600 -739.037000
86.657300 -56.603500 -740.744000
93.619000 -56.703000 -742.471000
100.582000 -56.804200 -744.186000
107.565000 -56.906700 -745.909000
114.537000 -57.008700 -747.633000
121.507000 -57.109000 -749.346000
128.478000 -57.210600 -751.052000
135.448000 -57.313400 -752.750000
142.424000 -57.414400 -754.475000
149.401000 -57.506200 -756.163000
-178.224000 -45.583900 -675.540000
-171.263000 -45.683500 -677.260000
-164.286000 -45.778800 -678.993000
-157.314000 -45.883900 -680.708000
-150.339000 -45.983900 -682.433000
-143.362000 -46.085100 -684.142000
-136.401000 -46.186100 -685.875000
-129.432000 -46.284400 -687.615000
-122.462000 -46.388100 -689.327000
-115.495000 -46.490500 -691.052000
-108.513000 -46.585800 -692.763000
-101.551000 -46.692600 -694.489000
-94.585300 -46.788500 -696.209000
-87.605700 -46.896700 -697.923000
-80.626200 -46.992100 -699.635000
-73.653600 -47.097700 -701.351000
-66.678600 -47.193600 -703.052000
-59.704300 -47.292900 -704.760000
-52.728500 -47.392900 -706.474000
-45.753700 -47.496900 -708.191000
-38.782400 -47.598100 -709.912000
-31.813900 -47.693100 -711.627000
-24.837400 -47.793600 -713.348000
-17.861000 -47.899900 -715.078000
-10.887100 -48.003700 -716.787000
-3.927420 -48.101300 -718.519000
3.054090 -48.202800 -720.242000
10.018300 -48.307700 -721.956000
16.996400 -48.406500 -723.688000
23.968600 -48.507200 -725.398000
30.943500 -48.609200 -727.117000
37.920200 -48.712700 -728.833000
44.895800 -48.811700 -730.539000
51.875400 -48.911900 -732.253000
58.844400 -49.015600 -733.974000
65.804500 -49.110700 -735.685000
72.776800 -49.219400 -737.427000
79.750900 -49.319500 -739.130000
86.731700 -49.422000 -740.857000
93.692800 -49.525700 -742.573000
100.656000 -49.628500 -744.298000
107.638000 -49.729300 -746.024000
114.611000 -49.829500 -747.743000
121.585000 -49.932700 -749.454000
128.553000 -50.032200 -751.164000
135.518000 -50.129400 -752.859000
142.498000 -50.229500 -754.574000
149.478000 -50.331300 -756.286000
-178.151000 -38.400400 -675.656000
-171.180000 -38.503500 -677.372000
-164.208000 -38.601800 -679.097000
-157.236000 -38.701800 -680.820000
-150.263000 -38.805100 -682.547000
-143.295000 -38.906900 -684.263000
-136.325000 -39.004600 -685.991000
-129.359000 -39.103100 -687.718000
-122.393000 -39.206700 -689.449000
-115.414000 -39.310400 -691.162000
-108.447000 -39.408500 -692.885000
-101.481000 -39.510500 -694.606000
-94.503600 -39.611000 -696.314000
-87.523400 -39.711200 -698.027000
-80.553200 -39.813500 -699.749000
-73.574000 -39.908700 -701.451000
-66.600800 -40.015100 -703.164000
-59.623900 -40.115500 -704.869000
-52.656100 -40.214200 -706.591000
-45.676400 -40.312600 -708.304000
-38.706200 -40.414500 -710.026000
-31.739800 -40.515800 -711.750000
-24.764800 -40.617900 -713.459000
-17.785700 -40.718700 -715.182000
-10.812400 -40.818300 -716.909000
-3.849380 -40.922100 -718.623000
3.129720 -41.025400 -720.349000
10.094300 -41.124700 -722.080000
17.071500 -41.225500 -723.792000
24.050200 -41.327500 -725.511000
31.017100 -41.430500 -727.226000
37.998700 -41.530100 -728.935000
44.971200 -41.632300 -730.648000
51.954600 -41.731400 -732.359000
58.918400 -41.833100 -734.080000
65.883200 -41.934900 -735.805000
72.854500 -42.034200 -737.520000
79.826300 -42.139800 -739.241000
86.813700 -42.242300 -740.962000
93.775800 -42.347000 -742.674000
100.736000 -42.446100 -744.403000
107.716000 -42.548900 -746.139000
114.690000 -42.647700 -747.852000
121.666000 -42.753800 -749.564000
128.625000 -42.850400 -751.274000
135.593000 -42.951200 -752.985000
142.574000 -43.050100 -754.692000
149.554000 -43.154200 -756.402000
121.734000 -35.573400 -749.672000
128.700000 -35.674700 -751.390000
135.670000 -35.777900 -753.100000
142.649000 -35.875800 -754.800000
149.631000 -35.977600 -756.522000
45.050000 -34.450300 -730.754000
52.029200 -34.553700 -732.466000
58.997600 -34.653600 -734.189000
65.958800 -34.752400 -735.901000
72.929400 -34.854700 -737.632000
79.902800 -34.959300 -739.355000
86.891400 -35.061900 -741.061000
93.848200 -35.164200 -742.773000
100.810000 -35.266900 -744.511000
107.796000 -35.370600 -746.234000
114.768000 -35.471700 -747.951000
-24.686100 -33.438700 -713.568000
-17.706100 -33.539300 -715.298000
-10.736500 -33.640800 -717.007000
-3.773850 -33.738600 -718.744000
3.199730 -33.845000 -720.476000
10.175800 -33.946800 -722.177000
17.148000 -34.046800 -723.906000
24.125500 -34.142900 -725.614000
31.095900 -34.247700 -727.333000
38.072400 -34.350400 -729.044000
-73.505900 -32.733700 -701.565000
-66.522200 -32.835100 -703.268000
-59.546600 -32.932100 -704.973000
-52.580500 -33.034000 -706.700000
-45.606700 -33.137000 -708.416000
-38.627500 -33.234200 -710.130000
-31.657700 -33.332300 -711.835000
-122.315000 -32.027000 -689.551000
-115.338000 -32.126700 -691.271000
-108.373000 -32.230700 -692.994000
-101.407000 -32.330100 -694.717000
-94.428200 -32.430800 -696.425000
-87.448300 -32.530800 -698.146000
-80.479200 -32.632200 -699.860000
-178.072000 -31.223100 -675.762000
-171.109000 -31.321400 -677.489000
-164.133000 -31.422200 -679.212000
-157.161000 -31.524600 -680.927000
-150.187000 -31.622700 -682.651000
-143.219000 -31.723500 -684.373000
-136.253000 -31.823500 -686.104000
-129.285000 -31.926300 -687.826000
142.728000 -28.694000 -754.918000
149.704000 -28.797800 -756.613000
100.891000 -28.088700 -744.606000
107.867000 -28.193600 -746.344000
114.842000 -28.292300 -748.066000
121.817000 -28.394700 -749.779000
128.779000 -28.497100 -751.496000
135.745000 -28.598300 -753.208000
73.009200 -27.673600 -737.730000
79.981700 -27.777700 -739.455000
86.966000 -27.882900 -741.170000
93.923700 -27.981900 -742.882000
31.168100 -27.069200 -727.449000
38.150200 -27.167600 -729.148000
45.123500 -27.269000 -730.864000
52.104900 -27.372400 -732.576000
59.073000 -27.471300 -734.290000
66.035400 -27.574000 -736.000000
3.285660 -26.663000 -720.563000
10.246000 -26.762600 -722.280000
17.225000 -26.864200 -724.006000
24.195500 -26.969300 -725.733000
-31.584900 -26.155800 -711.955000
-24.610300 -26.257000 -713.682000
-17.629600 -26.355500 -715.403000
-10.661300 -26.461900 -717.127000
-3.693720 -26.563300 -718.831000
-59.473300 -25.751200 -705.081000
-52.501200 -25.857000 -706.807000
-45.527300 -25.955500 -708.521000
-38.553100 -26.053700 -710.227000
-87.372900 -25.346200 -698.246000
-80.398900 -25.447600 -699.966000
-73.423400 -25.552900 -701.672000
-66.445000 -25.651100 -703.377000
-115.266000 -24.944600 -691.378000
-108.293000 -25.048200 -693.091000
-101.321000 -25.146700 -694.816000
-94.358400 -25.250100 -696.536000
-143.145000 -24.544200 -684.484000
-136.176000 -24.640800 -686.209000
-129.212000 -24.745500 -687.931000
-122.234000 -24.841700 -689.655000
-171.035000 -24.139000 -677.597000
-164.054000 -24.235400 -679.311000
-157.088000 -24.339200 -681.042000
-150.112000 -24.443000 -682.754000
-177.990000 -24.039000 -675.854000
142.802000 -21.519200 -755.021000
149.783000 -21.618300 -756.720000
121.891000 -21.217200 -749.882000
128.853000 -21.316400 -751.604000
135.826000 -21.418700 -753.308000
100.964000 -20.908700 -744.722000
107.946000 -21.011500 -746.436000
114.921000 -21.115000 -748.172000
73.088800 -20.494900 -737.823000
80.053500 -20.599900 -739.564000
87.042400 -20.704400 -741.278000
94.003300 -20.804700 -742.992000
52.183200 -20.189200 -732.683000
59.145900 -20.291600 -734.388000
66.115700 -20.393400 -736.110000
31.244900 -19.890000 -727.546000
38.228200 -19.995200 -729.260000
45.201400 -20.092300 -730.966000
10.328800 -19.584700 -722.393000
17.300800 -19.687900 -724.113000
24.276500 -19.785900 -725.832000
-10.582000 -19.282800 -717.230000
-3.619180 -19.381100 -718.941000
3.360530 -19.482800 -720.666000
-31.507500 -18.977800 -712.055000
-24.530700 -19.076900 -713.779000
-17.555100 -19.181600 -715.507000
-52.421900 -18.674300 -706.901000
-45.445100 -18.770200 -708.615000
-38.471100 -18.874900 -710.333000
-73.343100 -18.369800 -701.778000
-66.367100 -18.468300 -703.478000
-59.396200 -18.569000 -705.192000
-87.300900 -18.168500 -698.362000
-80.321900 -18.270300 -700.067000
-108.214000 -17.863000 -693.197000
-101.246000 -17.965600 -694.922000
-94.282900 -18.068700 -696.642000
-129.134000 -17.567200 -688.044000
-122.161000 -17.665000 -689.763000
-115.188000 -17.763700 -691.478000
-150.041000 -17.264300 -682.870000
-143.066000 -17.360700 -684.585000
-136.099000 -17.464100 -686.315000
-163.985000 -17.060800 -679.427000
-157.011000 -17.163600 -681.149000
-177.924000 -16.859400 -675.983000
-170.955000 -16.962400 -677.699000
149.861000 -14.438200 -756.831000
128.932000 -14.136900 -751.718000
135.899000 -14.240700 -753.417000
142.882000 -14.338900 -755.131000
114.995000 -13.933900 -748.277000
121.963000 -14.036800 -749.997000
94.072700 -13.624200 -743.110000
101.040000 -13.730100 -744.832000
108.025000 -13.833000 -746.556000
80.133900 -13.421800 -739.657000
87.117200 -13.522000 -741.392000
-3.540100 -12.199100 -719.053000
10.403200 -12.402100 -722.496000
59.222600 -13.109600 -734.504000
66.187900 -13.213200 -736.225000
73.157200 -13.316400 -737.948000
-10.509100 -12.098700 -717.344000
45.277100 -12.912300 -731.076000
52.254000 -13.017100 -732.787000
-31.433600 -11.795800 -712.173000
31.322000 -12.710100 -727.651000
38.298200 -12.810200 -729.371000
17.373900 -12.506600 -724.224000
24.349000 -12.608900 -725.944000
3.436120 -12.305200 -720.776000
-17.477500 -11.998500 -715.617000
-24.452300 -11.897800 -713.889000
-52.352900 -11.490800 -707.022000
-45.375000 -11.593100 -708.738000
-38.401300 -11.695900 -710.451000
-66.292700 -11.288200 -703.598000
-59.316000 -11.388900 -705.294000
-80.243100 -11.088000 -700.168000
-73.275400 -11.186500 -701.891000
-94.201600 -10.883600 -696.744000
-87.222800 -10.986300 -698.466000
-108.139000 -10.685100 -693.313000
-101.170000 -10.788200 -695.025000
-122.082000 -10.483400 -689.873000
-115.118000 -10.586400 -691.596000
-136.024000 -10.282400 -686.422000
-129.058000 -10.382900 -688.150000
-149.968000 -10.082700 -682.979000
-142.997000 -10.179900 -684.709000
-163.913000 -9.884350 -679.542000
-156.932000 -9.979840 -681.251000
-177.847000 -9.683060 -676.095000
-170.883000 -9.781770 -677.813000
149.934000 -7.263460 -756.941000
135.974000 -7.060840 -753.524000
142.956000 -7.162100 -755.229000
122.044000 -6.859900 -750.103000
129.004000 -6.962720 -751.820000
108.096000 -6.653920 -746.665000
115.069000 -6.754080 -748.389000
94.152200 -6.449280 -743.202000
101.117000 -6.551120 -744.942000
80.205900 -6.238930 -739.770000
87.191200 -6.344030 -741.495000
66.262000 -6.033430 -736.322000
73.235000 -6.134450 -738.047000
52.333600 -5.833450 -732.898000
59.301000 -5.935650 -734.621000
38.378300 -5.633530 -729.476000
45.353900 -5.729880 -731.181000
31.399300 -5.529960 -727.766000
17.450400 -5.328610 -724.330000
24.428000 -5.429060 -726.034000
3.512490 -5.123110 -720.888000
10.476800 -5.227640 -722.600000
-10.429800 -4.920910 -717.443000
-3.467270 -5.023620 -719.172000
-24.377500 -4.718340 -713.999000
-17.400100 -4.820210 -715.722000
-31.357000 -4.614500 -712.278000
-45.293200 -4.415130 -708.843000
-38.321700 -4.516050 -710.560000
-59.242500 -4.208270 -705.402000
-52.273900 -4.308360 -707.132000
-73.190600 -4.008430 -701.991000
-66.217700 -4.107420 -703.703000
-80.170800 -3.910090 -700.289000
-94.124200 -3.708780 -696.849000
-87.139600 -3.806480 -698.573000
-101.097000 -3.604390 -695.140000
-115.037000 -3.398940 -691.701000
-108.063000 -3.499400 -693.423000
-128.977000 -3.205220 -688.251000
-122.004000 -3.300590 -689.973000
-135.948000 -3.100960 -686.529000
-149.892000 -2.903430 -683.096000
-142.915000 -3.003340 -684.807000
-163.832000 -2.696270 -679.643000
-156.859000 -2.801180 -681.367000
-170.805000 -2.597640 -677.921000
-177.779000 -2.498810 -676.205000
150.013000 -0.085979 -757.047000
136.049000 0.118389 -753.628000
143.032000 0.015959 -755.343000
129.084000 0.217269 -751.918000
115.147000 0.421801 -748.497000
122.115000 0.318406 -750.219000
101.188000 0.628045 -745.050000
108.172000 0.521968 -746.770000
94.225700 0.733268 -743.327000
80.284000 0.937251 -739.880000
87.266500 0.836974 -741.601000
73.313600 1.040920 -738.154000
59.371500 1.244230 -734.725000
66.336100 1.144560 -736.445000
45.427300 1.444790 -731.288000
52.410500 1.345530 -733.001000
38.453600 1.548130 -729.580000
31.471200 1.645850 -727.870000
17.529600 1.851280 -724.441000
24.503300 1.750790 -726.157000
3.587180 2.051580 -721.000000
10.550900 1.951360 -722.717000
-3.389710 2.155770 -719.277000
-17.325700 2.359850 -715.834000
-10.353800 2.257650 -717.557000
-24.306900 2.460630 -714.119000
-38.248600 2.665160 -710.675000
-31.281600 2.564700 -712.395000
-45.220300 2.766000 -708.963000
-52.197800 2.871790 -707.240000
-66.138900 3.070250 -703.810000
-59.167500 2.970390 -705.511000
-73.119700 3.168700 -702.104000
-87.066400 3.375080 -698.675000
-80.088600 3.275010 -700.387000
-94.051500 3.474150 -696.963000
-101.024000 3.574870 -695.249000
-114.961000 3.778580 -691.807000
-107.988000 3.677600 -693.525000
-121.930000 3.879810 -690.089000
-128.906000 3.978160 -688.375000
-142.843000 4.178870 -684.927000
-135.874000 4.079520 -686.641000
-149.816000 4.279970 -683.206000
-163.757000 4.480510 -679.756000
-156.785000 4.382440 -681.481000
-170.736000 4.579670 -678.042000
-177.702000 4.682760 -676.323000
150.087000 7.094000 -757.150000
143.110000 7.195160 -755.443000
129.164000 7.397840 -752.028000
136.126000 7.293210 -753.739000
122.194000 7.497940 -750.308000
108.250000 7.705260 -746.884000
115.218000 7.601810 -748.596000
101.265000 7.806040 -745.168000
94.301000 7.906520 -743.429000
80.353200 8.118510 -739.994000
87.342600 8.015620 -741.716000
73.383100 8.221830 -738.278000
66.411100 8.320350 -736.552000
52.482000 8.523180 -733.113000
59.448800 8.421040 -734.830000
45.506900 8.623920 -731.403000
31.552600 8.825150 -727.964000
38.532300 8.726430 -729.693000
-10.279200 9.436480 -717.668000
24.583600 8.924400 -726.257000
17.601200 9.029250 -724.544000
10.630400 9.131570 -722.821000
-3.312610 9.335330 -719.379000
3.659950 9.235390 -721.110000
-17.249800 9.538340 -715.941000
-24.228300 9.641170 -714.221000
-38.170800 9.844600 -710.781000
-31.201200 9.743290 -712.498000
-45.146300 9.944110 -709.061000
-52.123900 10.044300 -707.349000
-59.091900 10.148100 -705.627000
-73.035200 10.352900 -702.209000
-66.063900 10.250800 -703.923000
-80.016100 10.450900 -700.493000
-86.991200 10.553100 -698.787000
-93.973900 10.657300 -697.070000
-100.943000 10.760100 -695.358000
-114.878000 10.959900 -691.908000
-107.913000 10.860300 -693.637000
-121.856000 11.059900 -690.204000
-128.824000 11.156300 -688.477000
-135.800000 11.260800 -686.762000
-142.770000 11.358400 -685.041000
-149.738000 11.463900 -683.315000
-156.708000 11.562300 -681.594000
-170.657000 11.760900 -678.145000
-163.681000 11.664000 -679.870000
-177.622000 11.859900 -676.425000
150.160000 14.269800 -757.257000
143.187000 14.372600 -755.552000
136.207000 14.475200 -753.845000
122.267000 14.676200 -750.429000
129.235000 14.576000 -752.136000
115.296000 14.778100 -748.709000
108.322000 14.878800 -746.994000
101.342000 14.982800 -745.264000
94.375200 15.090100 -743.538000
80.433700 15.293500 -740.112000
87.416100 15.191200 -741.832000
73.459800 15.398300 -738.387000
66.487600 15.501500 -736.663000
59.525600 15.599700 -734.939000
52.560300 15.700900 -733.227000
38.605500 15.903300 -729.798000
45.579900 15.802200 -731.510000
31.628600 16.007700 -728.087000
24.656300 16.106100 -726.365000
17.679400 16.210000 -724.654000
10.702100 16.310200 -722.935000
3.736890 16.411000 -721.223000
-3.235160 16.511300 -719.496000
-10.207200 16.611700 -717.787000
-24.153600 16.819000 -714.333000
-17.172100 16.714400 -716.055000
-31.128200 16.923200 -712.612000
-38.095900 17.021700 -710.893000
-45.072000 17.124900 -709.184000
-52.047500 17.227000 -707.465000
-59.018800 17.331300 -705.743000
-65.988300 17.428700 -704.043000
-72.970500 17.528300 -702.334000
-79.943400 17.631200 -700.618000
-86.919700 17.735800 -698.909000
-93.894200 17.833100 -697.177000
-100.866000 17.938700 -695.462000
-107.843000 18.036800 -693.752000
-114.812000 18.138300 -692.047000
-121.782000 18.239500 -690.321000
-128.752000 18.339700 -688.600000
-142.692000 18.537900 -685.155000
-135.721000 18.439100 -686.868000
-149.667000 18.638800 -683.442000
-156.638000 18.739000 -681.713000
-163.610000 18.837500 -679.999000
-170.582000 18.940300 -678.255000
-177.551000 19.039600 -676.545000
150.241000 21.453600 -757.384000
143.255000 21.549100 -755.682000
136.279000 21.650900 -753.957000
129.313000 21.754900 -752.264000
122.341000 21.855500 -750.543000
115.375000 21.958800 -748.814000
101.414000 22.160000 -745.382000
108.400000 22.058600 -747.098000
94.453100 22.265100 -743.656000
87.488100 22.368800 -741.938000
80.508900 22.471700 -740.214000
73.536900 22.575900 -738.491000
66.560800 22.676800 -736.773000
59.600400 22.777600 -735.054000
52.636400 22.879700 -733.331000
45.655500 22.980800 -731.623000
38.682800 23.080300 -729.907000
31.702800 23.182900 -728.198000
24.728000 23.285800 -726.484000
17.753900 23.387400 -724.770000
10.778600 23.485600 -723.049000
3.814220 23.588600 -721.325000
-3.166420 23.689700 -719.597000
-10.130700 23.791700 -717.896000
-17.096600 23.896700 -716.170000
-24.081800 23.994200 -714.445000
-31.057100 24.099400 -712.721000
-38.024900 24.198100 -711.013000
-44.999000 24.303000 -709.295000
-51.969000 24.405800 -707.586000
-58.939200 24.505900 -705.859000
-65.919400 24.609000 -704.155000
-72.898600 24.708300 -702.457000
-79.866400 24.807900 -700.741000
-86.846800 24.912900 -699.037000
-93.823400 25.015100 -697.307000
-100.798000 25.114900 -695.588000
-107.758000 25.214500 -693.860000
-114.737000 25.316300 -692.159000
-121.710000 25.412700 -690.439000
-128.680000 25.516200 -688.720000
-135.650000 25.615700 -686.993000
-142.616000 25.717500 -685.268000
-149.586000 25.820500 -683.546000
-156.566000 25.916700 -681.828000
150.313000 28.625300 -757.507000
143.335000 28.729800 -755.788000
-163.537000 26.019600 -680.111000
136.350000 28.827900 -754.084000
-170.519000 26.117600 -678.390000
129.382000 28.930900 -752.368000
-177.467000 26.217200 -676.649000
122.416000 29.030200 -750.660000
115.444000 29.133400 -748.931000
108.476000 29.234900 -747.206000
101.489000 29.337100 -745.491000
94.526700 29.441100 -743.767000
87.569200 29.547700 -742.063000
80.578900 29.649800 -740.328000
73.613200 29.752400 -738.601000
66.638900 29.855600 -736.880000
59.674300 29.954900 -735.159000
52.708000 30.057100 -733.456000
45.727700 30.156600 -731.744000
38.757300 30.262200 -730.026000
31.776700 30.361200 -728.309000
24.808800 30.462800 -726.592000
17.830700 30.562000 -724.874000
10.852400 30.664300 -723.165000
3.890450 30.767000 -721.447000
-3.093920 30.868400 -719.725000
-10.053800 30.968800 -718.009000
-17.024100 31.070900 -716.287000
-24.006900 31.176300 -714.565000
-30.981900 31.277900 -712.843000
-37.949400 31.377400 -711.132000
-44.925200 31.481000 -709.420000
-51.896400 31.582800 -707.693000
-58.870900 31.683800 -705.982000
-65.846400 31.785100 -704.283000
-72.823200 31.887700 -702.576000
-79.799100 31.992100 -700.872000
-86.772200 32.090100 -699.151000
-93.750200 32.191100 -697.424000
-100.725000 32.295400 -695.712000
-107.689000 32.393100 -693.993000
-114.661000 32.492300 -692.275000
-121.636000 32.598900 -690.558000
-128.608000 32.695900 -688.839000
150.383000 35.800200 -757.616000
-135.567000 32.792500 -687.102000
143.407000 35.903500 -755.903000
136.425000 36.002200 -754.206000
-142.548000 32.897900 -685.397000
129.459000 36.105700 -752.487000
-149.516000 33.000300 -683.673000
122.491000 36.208700 -750.776000
-156.490000 33.097300 -681.943000
115.522000 36.313200 -749.053000
-163.452000 33.197000 -680.206000
108.544000 36.410100 -747.328000
-170.439000 33.298400 -678.503000
101.565000 36.517600 -745.613000
-177.404000 33.398600 -676.785000
94.598400 36.618000 -743.893000
87.639300 36.721400 -742.166000
80.654600 36.826600 -740.439000
73.682400 36.930100 -738.722000
66.713400 37.033300 -737.007000
59.748000 37.131900 -735.287000
52.782900 37.230900 -733.568000
45.803800 37.337300 -731.851000
38.828800 37.437300 -730.144000
31.852300 37.537200 -728.428000
24.879700 37.639500 -726.717000
17.903700 37.741800 -724.989000
10.928200 37.845700 -723.272000
3.965230 37.941500 -721.561000
-3.016550 38.044800 -719.839000
-9.977930 38.148700 -718.116000
-16.953300 38.248000 -716.407000
-23.931300 38.352000 -714.683000
-30.907200 38.454400 -712.962000
-37.873800 38.558500 -711.241000
-44.845700 38.656600 -709.528000
-51.827200 38.756500 -707.818000
-58.800400 38.863200 -706.106000
-65.777700 38.968300 -704.410000
-72.747800 39.061300 -702.698000
-79.726800 39.167400 -700.987000
-86.699900 39.270900 -699.272000
-93.681500 39.373000 -697.550000
-100.646000 39.471500 -695.823000
150.459000 42.981300 -757.738000
-107.612000 39.572200 -694.106000
143.480000 43.076800 -756.023000
-114.588000 39.674600 -692.390000
136.499000 43.178100 -754.314000
-121.561000 39.774300 -690.678000
129.539000 43.281400 -752.599000
-128.521000 39.873100 -688.935000
122.564000 43.384500 -750.881000
-135.509000 39.974400 -687.241000
115.592000 43.485900 -749.166000
-142.471000 40.072600 -685.506000
108.620000 43.591100 -747.451000
101.638000 43.693100 -745.731000
-149.439000 40.169600 -683.783000
-156.415000 40.272200 -682.061000
94.675300 43.798100 -744.005000
87.716900 43.898100 -742.285000
-163.376000 40.374400 -680.322000
80.733200 44.002400 -740.548000
-170.364000 40.476000 -678.611000
73.757700 44.107200 -738.839000
-177.332000 40.577000 -676.897000
66.789900 44.213200 -737.118000
59.823000 44.311900 -735.395000
52.857300 44.411400 -733.676000
45.879200 44.511800 -731.966000
38.904900 44.612300 -730.257000
31.929800 44.715800 -728.533000
24.956400 44.818400 -726.811000
17.981600 44.919200 -725.102000
11.007500 45.018200 -723.378000
4.035060 45.123300 -721.677000
-2.939790 45.220200 -719.956000
-9.908480 45.324400 -718.237000
-16.874300 45.428000 -716.514000
-23.855600 45.533000 -714.795000
-30.831800 45.633400 -713.074000
-37.803600 45.735600 -711.369000
-44.776900 45.838200 -709.649000
-51.756100 45.935300 -707.933000
-58.721200 46.036000 -706.216000
-65.692500 46.138300 -704.506000
-72.677600 46.243300 -702.815000
-79.648600 46.346100 -701.091000
-86.621000 46.445600 -699.372000
150.534000 50.155600 -757.850000
143.558000 50.253500 -756.128000
-93.601000 46.547500 -697.655000
136.574000 50.352400 -754.413000
-100.566000 46.648200 -695.931000
-107.544000 46.752600 -694.224000
129.613000 50.455900 -752.706000
122.646000 50.559400 -750.995000
-114.512000 46.847700 -692.495000
115.668000 50.660200 -749.285000
-121.485000 46.951400 -690.785000
108.699000 50.762700 -747.569000
-128.456000 47.051000 -689.061000
101.712000 50.866700 -745.838000
-135.426000 47.154000 -687.346000
94.755400 50.972400 -744.110000
-142.393000 47.252300 -685.616000
87.792200 51.075900 -742.397000
-149.356000 47.349100 -683.883000
80.804900 51.179200 -740.681000
73.835700 51.286900 -738.948000
-156.341000 47.449600 -682.172000
-163.308000 47.554400 -680.448000
66.863800 51.389100 -737.230000
59.900700 51.486900 -735.506000
-170.284000 47.651000 -678.716000
52.935200 51.584300 -733.792000
-177.255000 47.754400 -676.998000
45.953900 51.688000 -732.075000
38.977600 51.790200 -730.373000
31.999800 51.889500 -728.659000
25.027300 51.993500 -726.942000
18.054000 52.097500 -725.222000
11.076200 52.196900 -723.502000
4.116090 52.296300 -721.780000
-2.858810 52.402600 -720.062000
-9.829170 52.503400 -718.349000
-16.797700 52.603100 -716.625000
-23.777800 52.707900 -714.913000
-30.760300 52.813000 -713.194000
-37.726800 52.911800 -711.472000
-44.697200 53.010800 -709.755000
-51.679300 53.114000 -708.052000
-58.649000 53.220000 -706.340000
-65.622800 53.320100 -704.628000
150.613000 57.330800 -757.956000
-72.603900 53.420200 -702.923000
143.634000 57.430600 -756.250000
-79.575300 53.521900 -701.214000
136.653000 57.531600 -754.528000
-86.546800 53.629000 -699.487000
129.683000 57.631100 -752.815000
-93.527200 53.727600 -697.769000
122.715000 57.737800 -751.107000
-100.496000 53.827800 -696.055000
115.746000 57.838600 -749.402000
-107.465000 53.926600 -694.332000
108.769000 57.939400 -747.685000
-114.441000 54.028200 -692.620000
101.788000 58.042800 -745.950000
94.824600 58.148500 -744.225000
-121.408000 54.129200 -690.899000
-128.379000 54.226700 -689.171000
87.868600 58.254300 -742.510000
80.879800 58.355300 -740.783000
-135.348000 54.329500 -687.454000
73.910700 58.462200 -739.070000
-142.320000 54.427700 -685.728000
66.936400 58.562700 -737.344000
-149.289000 54.532000 -684.011000
59.974100 58.664800 -735.617000
-156.268000 54.631900 -682.291000
53.007500 58.765400 -733.913000
-163.234000 54.732900 -680.562000
46.025100 58.862300 -732.187000
-170.206000 54.829400 -678.829000
39.057300 58.965200 -730.478000
-177.186000 54.929800 -677.134000
32.073200 59.070000 -728.771000
25.106000 59.168400 -727.055000
18.127300 59.270800 -725.336000
11.154200 59.372100 -723.609000
4.192480 59.476900 -721.895000
-2.790040 59.577600 -720.182000
-9.756270 59.680000 -718.473000
-16.726800 59.782700 -716.744000
-23.710200 59.885000 -715.035000
-30.682900 59.986500 -713.300000
-37.652700 60.089800 -711.589000
-44.627000 60.192400 -709.884000
-51.602400 60.293800 -708.153000
150.693000 64.506300 -758.067000
-58.578100 60.392100 -706.451000
143.707000 64.606700 -756.355000
136.733000 64.712000 -754.650000
-65.549700 60.495900 -704.738000
-72.526000 60.600100 -703.029000
129.761000 64.813800 -752.936000
122.791000 64.912300 -751.216000
-79.498500 60.700200 -701.323000
-86.473700 60.801900 -699.613000
115.821000 65.017700 -749.514000
-93.455100 60.903100 -697.892000
108.845000 65.116500 -747.795000
101.864000 65.220700 -746.070000
-100.426000 61.002300 -696.169000
-107.391000 61.105000 -694.444000
94.900800 65.321200 -744.336000
87.943800 65.430000 -742.625000
-114.363000 61.207200 -692.734000
80.956800 65.532300 -740.897000
-121.328000 61.307100 -691.006000
73.986400 65.636600 -739.182000
-128.309000 61.411000 -689.295000
67.013800 65.739600 -737.465000
-135.271000 61.508600 -687.564000
60.046200 65.838900 -735.738000
-142.243000 61.602500 -685.835000
53.081500 65.941700 -734.035000
-149.216000 61.705600 -684.125000
46.099600 66.044500 -732.310000
-156.189000 61.807500 -682.404000
39.129000 66.144100 -730.600000
-163.165000 61.910500 -680.683000
32.148300 66.244000 -728.887000
-170.139000 62.009300 -678.955000
25.181300 66.346300 -727.166000
18.201000 66.450100 -725.455000
-177.111000 62.106700 -677.243000
11.227700 66.551200 -723.735000
4.265480 66.653300 -722.016000
-2.718060 66.754100 -720.296000
-9.676130 66.856500 -718.581000
-16.655000 66.958600 -716.865000
-23.634000 67.061000 -715.138000
-30.611700 67.164400 -713.424000
-37.578000 67.268400 -711.712000
150.766000 71.682800 -758.187000
-44.552900 67.367200 -709.989000
143.786000 71.781800 -756.476000
-51.529400 67.470500 -708.276000
136.805000 71.878800 -754.757000
-58.501900 67.571900 -706.562000
129.836000 71.986500 -753.061000
-65.470600 67.672100 -704.852000
122.868000 72.083900 -751.337000
-72.453200 67.775400 -703.159000
115.895000 72.189000 -749.624000
-79.421900 67.876900 -701.432000
108.924000 72.290000 -747.911000
-86.402600 67.979600 -699.730000
101.941000 72.393500 -746.167000
94.977900 72.504200 -744.456000
-93.381200 68.082500 -698.006000
-100.345000 68.182500 -696.275000
88.015200 72.605200 -742.743000
-107.312000 68.284900 -694.557000
81.032500 72.704800 -741.006000
74.058300 72.812900 -739.290000
-114.288000 68.386800 -692.847000
67.090200 72.919300 -737.577000
-121.258000 68.484000 -691.124000
60.122500 73.014900 -735.850000
-128.235000 68.584700 -689.411000
53.155300 73.116600 -734.145000
-135.195000 68.686400 -687.672000
46.175100 73.216400 -732.427000
-142.172000 68.787100 -685.964000
39.201400 73.320300 -730.724000
-149.130000 68.884400 -684.222000
32.223100 73.422900 -729.000000
-156.119000 68.986500 -682.523000
25.254400 73.521000 -727.285000
-163.084000 69.086600 -680.790000
18.275700 73.626200 -725.563000
-170.065000 69.184400 -679.072000
11.306000 73.727500 -723.843000
-177.039000 69.283700 -677.366000
4.335200 73.829200 -722.131000
-2.644020 73.932600 -720.419000
-9.606320 74.034900 -718.711000
-16.580900 74.135200 -716.983000
-23.562300 74.236300 -715.263000
150.845000 78.852800 -758.291000
-30.533000 74.339700 -713.538000
143.865000 78.955400 -756.585000
-37.504500 74.445000 -711.823000
-44.482000 74.544600 -710.120000
136.880000 79.053700 -754.871000
129.912000 79.155700 -753.159000
-51.456500 74.646600 -708.404000
122.942000 79.261800 -751.459000
-58.425500 74.748100 -706.668000
115.971000 79.365600 -749.732000
-65.399800 74.851900 -704.971000
109.000000 79.465800 -748.020000
-72.377000 74.954000 -703.267000
102.016000 79.571000 -746.285000
-79.349600 75.054900 -701.548000
95.053700 79.675500 -744.564000
-86.326300 75.158400 -699.838000
88.091700 79.780600 -742.847000
-93.307700 75.257900 -698.128000
81.105800 79.888100 -741.133000
-100.274000 75.359700 -696.403000
74.132900 79.985400 -739.407000
-107.238000 75.459600 -694.680000
67.162300 80.090700 -737.699000
-114.212000 75.561000 -692.956000
60.197600 80.188800 -735.969000
-121.183000 75.661600 -691.235000
53.229300 80.293700 -734.263000
-128.156000 75.759300 -689.520000
46.251800 80.394100 -732.541000
39.271700 80.494400 -730.836000
-135.129000 75.861200 -687.798000
32.301900 80.596600 -729.115000
-142.093000 75.962400 -686.072000
25.326200 80.697800 -727.399000
-149.063000 76.062600 -684.352000
18.352500 80.799600 -725.683000
-156.041000 76.160200 -682.628000
11.376300 80.905000 -723.965000
-163.016000 76.263200 -680.910000
4.409570 81.002800 -722.244000
-169.998000 76.367200 -679.197000
-2.568680 81.109800 -720.535000
-176.970000 76.464000 -677.478000
-9.534540 81.206800 -718.819000
-16.503700 81.309900 -717.091000
150.922000 86.035700 -758.402000
-23.484500 81.416100 -715.377000
143.939000 86.130500 -756.706000
-30.460400 81.516400 -713.660000
136.957000 86.230100 -754.989000
-37.433400 81.621600 -711.943000
129.986000 86.331600 -753.280000
-44.407800 81.725800 -710.237000
123.022000 86.438700 -751.571000
-51.381500 81.823500 -708.508000
116.045000 86.543100 -749.854000
-58.350900 81.925600 -706.792000
109.070000 86.642400 -748.122000
-65.319100 82.026400 -705.072000
102.088000 86.749500 -746.410000
-72.301000 82.129500 -703.382000
95.123300 86.852000 -744.690000
88.170100 86.957200 -742.968000
-79.276600 82.227200 -701.666000
81.178200 87.059700 -741.254000
-86.249500 82.334200 -699.954000
74.210500 87.168000 -739.530000
-93.229600 82.435800 -698.235000
67.234300 87.270200 -737.806000
-100.200000 82.537100 -696.526000
60.274900 87.367800 -736.085000
-107.169000 82.634900 -694.806000
53.306100 87.466600 -734.377000
-114.136000 82.740000 -693.066000
46.328000 87.569000 -732.659000
-121.113000 82.842000 -691.359000
39.347800 87.667200 -730.946000
-128.086000 82.942700 -689.634000
32.370900 87.774200 -729.238000
-135.058000 83.044500 -687.922000
25.400000 87.875500 -727.522000
-142.027000 83.142300 -686.196000
18.423600 87.978000 -725.799000
-148.996000 83.240600 -684.473000
11.452900 88.081100 -724.070000
-155.966000 83.337700 -682.744000
4.486450 88.181100 -722.359000
-162.938000 83.443100 -681.025000
-2.495260 88.286700 -720.658000
-9.462650 88.387200 -718.940000
150.999000 93.208000 -758.505000
-169.929000 83.544400 -679.317000
-16.430100 88.488800 -717.225000
144.016000 93.308400 -756.800000
-176.899000 83.644700 -677.597000
-23.414700 88.594000 -715.506000
137.032000 93.409500 -755.101000
130.065000 93.508600 -753.384000
-30.391000 88.696000 -713.779000
123.096000 93.612100 -751.676000
-37.358000 88.796200 -712.066000
116.124000 93.716700 -749.951000
-44.327600 88.897900 -710.341000
109.148000 93.819600 -748.240000
-51.301400 89.003200 -708.624000
102.164000 93.923500 -746.517000
-58.279300 89.102000 -706.911000
95.196800 94.031300 -744.805000
-65.253200 89.203000 -705.208000
88.240500 94.136300 -743.084000
-72.225100 89.306600 -703.486000
81.252400 94.237100 -741.366000
-79.201200 89.408100 -701.784000
74.284600 94.340700 -739.651000
-86.175100 89.508100 -700.072000
67.308400 94.445300 -737.937000
-93.149200 89.610500 -698.342000
60.343800 94.546000 -736.204000
-100.127000 89.714300 -696.632000
53.378400 94.644400 -734.495000
-107.097000 89.817000 -694.918000
46.397100 94.747700 -732.785000
-114.064000 89.915400 -693.188000
39.425700 94.846900 -731.070000
-121.036000 90.017500 -691.470000
32.444400 94.951500 -729.357000
-128.005000 90.114200 -689.742000
25.476700 95.054000 -727.633000
-134.969000 90.214300 -688.013000
18.499000 95.156300 -725.913000
-141.955000 90.318300 -686.319000
11.523100 95.257700 -724.190000
-148.918000 90.413100 -684.583000
4.560920 95.358800 -722.471000
-2.418100 95.458900 -720.759000
151.076000 100.382000 -758.639000
-155.895000 90.514300 -682.865000
-9.387120 95.560600 -719.051000
144.093000 100.479000 -756.926000
-162.870000 90.618300 -681.148000
-16.358000 95.667500 -717.341000
137.108000 100.581000 -755.211000
-169.851000 90.718600 -679.428000
-23.341900 95.767300 -715.619000
130.141000 100.687000 -753.503000
-176.826000 90.823400 -677.724000
-30.320800 95.872700 -713.905000
123.168000 100.789000 -751.794000
116.197000 100.890000 -750.075000
-37.283700 95.976400 -712.180000
109.222000 100.993000 -748.355000
-44.254100 96.076100 -710.466000
102.239000 101.096000 -746.635000
-51.235900 96.176400 -708.752000
95.273900 101.200000 -744.929000
-58.205300 96.277700 -707.031000
88.314000 101.305000 -743.201000
-65.176700 96.380600 -705.319000
81.327900 101.410000 -741.484000
-72.149000 96.481500 -703.605000
74.355600 101.514000 -739.762000
-79.128600 96.584400 -701.903000
67.382900 101.619000 -738.048000
-86.101000 96.691500 -700.192000
60.415700 101.721000 -736.332000
-93.075700 96.786300 -698.465000
53.457100 101.817000 -734.613000
-100.054000 96.889300 -696.750000
46.470100 101.922000 -732.905000
-107.014000 96.991000 -695.020000
39.498000 102.020000 -731.190000
-113.989000 97.091700 -693.305000
32.514300 102.122000 -729.478000
-120.964000 97.192000 -691.594000
25.550000 102.228000 -727.766000
-127.932000 97.289600 -689.866000
-134.901000 97.388100 -688.135000
-141.874000 97.487000 -686.420000
-148.853000 97.591000 -684.709000
-155.824000 97.696000 -682.990000
-162.810000 97.799400 -681.280000
-169.784000 97.898500 -679.551000
-176.766000 97.999300 -677.859000
-176.766000 97.999300 -677.859000