-168.539000 -110.475000 -638.410000 0.008406
-161.559000 -110.482000 -640.131000 0.002839
-154.581000 -110.482000 -641.848000 -0.004948
-147.609000 -110.491000 -643.582000 -0.003171
-140.638000 -110.499000 -645.303000 -0.008645
-133.668000 -110.505000 -647.041000 -0.009377
-126.710000 -110.517000 -648.796000 0.000097
-119.743000 -110.524000 -650.524000 0.000168
-112.773000 -110.529000 -652.263000 0.001861
-105.803000 -110.538000 -653.986000 0.000433
-98.843800 -110.546000 -655.725000 0.005339
-91.875900 -110.550000 -657.443000 0.003512
-84.893200 -110.558000 -659.171000 0.001363
-77.928000 -110.568000 -660.902000 0.006658
-70.956800 -110.576000 -662.627000 0.006600
-63.983400 -110.579000 -664.354000 0.004962
-57.021900 -110.587000 -666.086000 0.007678
-50.048300 -110.593000 -667.806000 0.001441
-43.073600 -110.604000 -669.540000 0.004925
-36.101900 -110.612000 -671.260000 0.005341
-29.141000 -110.618000 -672.995000 0.008130
-22.162700 -110.617000 -674.715000 0.005502
-15.180400 -110.629000 -676.443000 0.001182
-8.214400 -110.638000 -678.178000 0.001937
-1.253060 -110.644000 -679.910000 0.003626
-168.557000 -103.294000 -638.494000 0.010138
5.722740 -110.651000 -681.639000 0.004704
-161.566000 -103.296000 -640.199000 -0.006531
12.686000 -110.659000 -683.370000 0.005337
19.661800 -110.661000 -685.095000 0.003133
-154.595000 -103.303000 -641.930000 -0.006047
26.638700 -110.672000 -686.825000 0.003734
-147.622000 -103.309000 -643.658000 -0.006973
33.610300 -110.676000 -688.526000 0.001584
-140.656000 -103.317000 -645.394000 -0.005674
40.587100 -110.681000 -690.258000 0.002286
-133.689000 -103.322000 -647.132000 -0.003752
47.553900 -110.689000 -691.988000 0.003792
-126.728000 -103.334000 -648.864000 0.000738
54.536000 -110.694000 -693.710000 0.002216
-119.756000 -103.339000 -650.597000 -0.000139
61.498800 -110.696000 -695.440000 0.002693
68.462000 -110.705000 -697.169000 0.001060
-112.788000 -103.345000 -652.336000 0.002380
75.434500 -110.714000 -698.901000 0.004521
-105.820000 -103.356000 -654.069000 0.001125
82.404100 -110.717000 -700.613000 0.001097
-98.858300 -103.364000 -655.801000 0.005787
89.388900 -110.725000 -702.351000 0.000385
-91.892600 -103.370000 -657.530000 0.005905
96.346500 -110.730000 -704.076000 0.002087
-84.914600 -103.379000 -659.263000 0.007594
103.308000 -110.735000 -705.796000 -0.000443
-77.944600 -103.384000 -660.978000 0.005559
110.290000 -110.742000 -707.524000 0.001806
-70.972100 -103.387000 -662.710000 0.006048
117.260000 -110.747000 -709.252000 0.003232
-64.003900 -103.396000 -664.436000 0.005843
124.233000 -110.753000 -710.981000 -0.000513
-57.028500 -103.408000 -666.159000 0.003596
131.196000 -110.757000 -712.697000 0.000057
-50.065200 -103.413000 -667.888000 0.006221
138.162000 -110.764000 -714.417000 -0.000371
145.144000 -110.767000 -716.121000 -0.002949
-43.091200 -103.420000 -669.605000 0.003398
152.125000 -110.772000 -717.845000 -0.004253
-36.118500 -103.424000 -671.335000 0.007669
159.090000 -110.774000 -719.553000 -0.007531
-29.150100 -103.434000 -673.057000 0.005982
-22.178300 -103.443000 -674.792000 0.006427
-15.194600 -103.443000 -676.514000 0.002047
-8.225250 -103.453000 -678.248000 0.003335
-1.266120 -103.460000 -679.980000 0.005780
5.711190 -103.464000 -681.706000 0.001771
12.676400 -103.469000 -683.443000 0.001422
-168.555000 -96.108400 -638.549000 -0.008212
19.649700 -103.479000 -685.165000 0.000020
-161.581000 -96.113000 -640.277000 -0.007332
26.624900 -103.484000 -686.886000 0.000348
-154.605000 -96.116700 -641.999000 -0.010609
33.595800 -103.488000 -688.613000 0.002721
40.569500 -103.497000 -690.331000 0.003073
-147.633000 -96.125200 -643.731000 -0.013856
47.545000 -103.503000 -692.069000 0.001285
-140.670000 -96.134100 -645.471000 -0.008129
54.523800 -103.507000 -693.797000 -0.000610
-133.707000 -96.139100 -647.210000 -0.002609
61.486600 -103.515000 -695.522000 0.000584
68.452900 -103.519000 -697.243000 -0.000176
-126.748000 -96.153100 -648.952000 0.003512
75.420100 -103.527000 -698.965000 0.001593
-119.770000 -96.159400 -650.683000 -0.000255
-112.803000 -96.165000 -652.411000 0.000493
82.395300 -103.534000 -700.689000 -0.000387
89.375500 -103.539000 -702.412000 -0.002195
-105.840000 -96.173200 -654.150000 0.005781
96.333600 -103.545000 -704.145000 -0.000853
-98.876600 -96.180500 -655.888000 0.010712
103.297000 -103.555000 -705.874000 0.001194
-91.902600 -96.185000 -657.607000 0.002705
110.275000 -103.559000 -707.603000 0.001939
-84.931300 -96.187500 -659.327000 0.002381
117.245000 -103.564000 -709.335000 0.000750
-77.959100 -96.198100 -661.059000 0.005265
124.215000 -103.571000 -711.067000 0.000924
-70.989300 -96.208400 -662.785000 0.008513
131.183000 -103.574000 -712.784000 0.000687
-64.013400 -96.214600 -664.502000 0.002037
138.152000 -103.582000 -714.488000 0.000899
-57.049800 -96.223100 -666.234000 0.003907
145.130000 -103.585000 -716.205000 -0.001485
-50.079800 -96.225800 -667.960000 0.005509
152.105000 -103.592000 -717.921000 -0.000696
159.077000 -103.601000 -719.643000 -0.008222
-43.101500 -96.234600 -669.682000 0.002014
-36.131200 -96.242500 -671.410000 0.004565
-29.164000 -96.247600 -673.131000 0.004794
-22.187200 -96.254400 -674.855000 0.003649
-15.209400 -96.264700 -676.592000 0.002709
-8.240440 -96.271300 -678.325000 0.003732
-1.277930 -96.276000 -680.051000 0.002711
5.699440 -96.278500 -681.787000 0.001351
12.659200 -96.288500 -683.513000 0.002247
19.636400 -96.296500 -685.240000 -0.001529
26.614600 -96.296100 -686.965000 -0.000964
33.580600 -96.307500 -688.692000 0.003080
-168.582000 -88.924100 -638.642000 0.001551
40.558300 -96.314800 -690.420000 0.002988
-161.590000 -88.932600 -640.356000 -0.011476
47.532900 -96.320100 -692.141000 0.002068
-154.622000 -88.932500 -642.078000 -0.011719
54.509600 -96.328300 -693.869000 0.001204
61.473100 -96.330700 -695.595000 0.002175
-147.652000 -88.945800 -643.814000 -0.008732
-140.692000 -88.951900 -645.558000 0.000018
68.437000 -96.334800 -697.318000 -0.000087
-133.723000 -88.956500 -647.283000 -0.003812
75.411700 -96.344200 -699.048000 0.000746
82.379900 -96.349600 -700.771000 0.000478
-126.751000 -88.968400 -649.019000 -0.004024
89.364600 -96.357300 -702.510000 0.000151
-119.784000 -88.976500 -650.754000 -0.001392
96.318500 -96.365000 -704.221000 0.001852
-112.822000 -88.983500 -652.497000 0.003287
103.280000 -96.370700 -705.956000 0.000635
-105.848000 -88.987200 -654.220000 0.001016
110.262000 -96.376900 -707.678000 -0.000034
-98.888300 -88.994200 -655.961000 0.006636
117.235000 -96.383900 -709.415000 0.000929
124.204000 -96.390000 -711.146000 0.001053
-91.922800 -89.002400 -657.690000 0.005904
-84.941500 -89.010400 -659.416000 0.004492
131.169000 -96.391800 -712.854000 0.000574
138.136000 -96.400500 -714.568000 -0.001564
-77.979100 -89.020000 -661.152000 0.011941
-71.004300 -89.024900 -662.867000 0.005129
145.116000 -96.408100 -716.287000 -0.000756
152.097000 -96.409600 -717.994000 -0.002980
-64.028300 -89.031200 -664.588000 0.003411
-57.056800 -89.036800 -666.314000 0.003477
159.058000 -96.415600 -719.712000 -0.003753
-50.091800 -89.046600 -668.040000 0.004855
-43.121500 -89.055100 -669.765000 0.006665
-36.143800 -89.055300 -671.486000 0.003773
-29.177700 -89.064000 -673.210000 0.004641
-22.205000 -89.072800 -674.940000 0.004873
-15.223000 -89.077800 -676.664000 0.001707
-8.256720 -89.085300 -678.409000 0.004436
-1.293430 -89.090500 -680.131000 0.003518
5.684430 -89.098200 -681.856000 0.000607
12.649400 -89.102700 -683.589000 -0.000841
19.625400 -89.107800 -685.308000 -0.001792
26.599100 -89.117100 -687.035000 0.000820
33.568700 -89.122000 -688.764000 0.002272
40.544300 -89.130100 -690.492000 0.001937
47.518100 -89.136100 -692.216000 -0.000014
-168.590000 -81.745800 -638.715000 -0.004923
54.494800 -89.143800 -693.950000 0.001492
61.457600 -89.147800 -695.675000 0.002339
-161.602000 -81.745800 -640.429000 -0.016425
68.425100 -89.152800 -697.399000 0.001061
-154.644000 -81.752100 -642.167000 -0.007055
75.394900 -89.162300 -699.127000 0.001561
-147.674000 -81.761100 -643.900000 -0.002965
82.368300 -89.168000 -700.856000 -0.001226
-140.705000 -81.766100 -645.634000 -0.003191
89.348000 -89.176500 -702.589000 -0.001440
-133.740000 -81.775800 -647.372000 -0.000002
96.307000 -89.181400 -704.317000 -0.001636
103.268000 -89.190000 -706.045000 -0.000408
-126.776000 -81.784600 -649.116000 0.004909
-119.806000 -81.790800 -650.842000 -0.000126
110.252000 -89.195600 -707.765000 -0.000405
117.221000 -89.202100 -709.498000 0.001683
-112.838000 -81.799200 -652.574000 0.005348
124.187000 -89.209000 -711.226000 0.000189
-105.868000 -81.805000 -654.310000 0.008526
131.155000 -89.215900 -712.947000 0.001469
-98.902500 -81.814200 -656.037000 0.006189
138.123000 -89.215900 -714.647000 0.001786
-91.938000 -81.821200 -657.769000 0.007875
145.103000 -89.219500 -716.363000 0.001538
-84.958900 -81.824600 -659.495000 0.004685
152.077000 -89.227600 -718.084000 0.000730
-77.991300 -81.836400 -661.218000 0.005833
159.045000 -89.232300 -719.793000 -0.001427
-71.022000 -81.842500 -662.948000 0.007839
-64.048600 -81.852100 -664.671000 0.007665
-57.074100 -81.856800 -666.393000 0.002762
-50.107700 -81.860800 -668.117000 0.006022
-43.131200 -81.867000 -669.831000 0.001919
-36.161700 -81.875000 -671.563000 0.004335
-29.188400 -81.880200 -673.273000 0.000991
-22.220100 -81.884500 -675.019000 0.004502
-15.233700 -81.894600 -676.739000 -0.002260
-8.273420 -81.902800 -678.476000 0.003244
-1.307230 -81.907900 -680.205000 0.001523
5.672270 -81.913100 -681.937000 -0.000762
12.635200 -81.920700 -683.663000 -0.002218
19.612700 -81.928900 -685.393000 -0.001940
26.584900 -81.931800 -687.121000 -0.001038
33.554800 -81.938900 -688.844000 0.002266
40.529000 -81.949000 -690.574000 0.000304
47.503700 -81.952800 -692.293000 0.000877
54.481000 -81.958100 -694.016000 0.000871
61.449500 -81.965600 -695.756000 0.000688
68.406500 -81.971800 -697.484000 0.001201
75.383400 -81.977600 -699.200000 -0.001097
-168.601000 -74.556900 -638.783000 -0.007087
82.352300 -81.988400 -700.938000 0.000215
-161.627000 -74.563200 -640.515000 -0.007562
89.334700 -81.989100 -702.663000 0.000038
-154.652000 -74.573600 -642.238000 -0.013347
96.295900 -81.999200 -704.396000 -0.000613
103.255000 -82.009400 -706.121000 -0.001481
-147.686000 -74.581800 -643.984000 -0.005321
-140.726000 -74.591000 -645.716000 -0.000492
110.236000 -82.012900 -707.847000 -0.001596
117.203000 -82.016300 -709.579000 0.002362
-133.747000 -74.592900 -647.444000 -0.005526
124.178000 -82.024500 -711.304000 -0.000225
-126.785000 -74.601700 -649.183000 -0.001114
131.144000 -82.029400 -713.014000 0.000166
-119.816000 -74.607400 -650.912000 -0.000615
138.108000 -82.034100 -714.735000 0.001131
-112.850000 -74.615600 -652.650000 0.006055
145.089000 -82.044700 -716.445000 -0.000602
-105.879000 -74.623400 -654.378000 0.003857
152.065000 -82.042800 -718.165000 0.000832
159.029000 -82.051100 -719.876000 -0.000039
-98.922000 -74.634100 -656.120000 0.007920
-91.952800 -74.636800 -657.855000 0.006977
-84.976500 -74.643400 -659.579000 0.006811
-78.006100 -74.652700 -661.307000 0.006865
-71.030200 -74.659600 -663.020000 0.004679
-64.059100 -74.666900 -664.748000 0.005474
-57.090000 -74.669400 -666.471000 0.003005
-50.123600 -74.677200 -668.198000 0.006807
-43.145300 -74.688200 -669.924000 0.002516
-36.173100 -74.692400 -671.644000 0.003473
-29.208500 -74.693900 -673.368000 0.003282
-22.227400 -74.704700 -675.084000 -0.001149
-15.252300 -74.712800 -676.822000 0.001348
-8.282280 -74.716100 -678.560000 -0.000678
-1.321780 -74.725700 -680.290000 0.002024
5.653980 -74.733300 -682.022000 0.002917
12.625300 -74.736000 -683.735000 -0.003045
19.594000 -74.744400 -685.482000 -0.001097
26.571600 -74.752900 -687.206000 0.000873
33.538900 -74.759600 -688.924000 0.001904
40.518700 -74.759800 -690.649000 -0.000943
47.489900 -74.771200 -692.373000 -0.000793
54.470700 -74.776700 -694.108000 0.000486
61.429900 -74.780700 -695.831000 0.002787
68.395700 -74.790000 -697.564000 0.002494
75.366600 -74.797100 -699.292000 0.001597
82.336300 -74.802300 -701.020000 0.001151
89.322500 -74.810200 -702.754000 -0.003192
96.279100 -74.821300 -704.472000 -0.000797
-168.620000 -67.378600 -638.875000 -0.003263
103.240000 -74.824800 -706.194000 -0.001194
110.221000 -74.831600 -707.938000 -0.000328
-161.643000 -67.384400 -640.595000 -0.009479
117.194000 -74.840000 -709.654000 -0.001284
-154.667000 -67.393400 -642.325000 -0.011900
124.163000 -74.843100 -711.375000 -0.001369
-147.701000 -67.397100 -644.060000 -0.008003
131.129000 -74.849500 -713.095000 -0.001240
138.095000 -74.856300 -714.818000 0.001627
-140.731000 -67.402300 -645.784000 -0.007539
-133.768000 -67.411000 -647.530000 -0.000452
145.076000 -74.859200 -716.523000 -0.000799
-126.808000 -67.420400 -649.267000 0.002204
152.052000 -74.863700 -718.237000 -0.002660
159.019000 -74.871100 -719.953000 -0.001513
-119.835000 -67.426800 -651.006000 0.006624
-112.868000 -67.435100 -652.734000 0.007314
-105.902000 -67.442400 -654.475000 0.008864
-98.936100 -67.450200 -656.206000 0.007471
-91.965400 -67.457900 -657.936000 0.007182
-84.991300 -67.464800 -659.658000 0.006612
-78.019500 -67.472700 -661.380000 0.006739
-71.050500 -67.473600 -663.101000 0.007325
-64.077000 -67.482200 -664.828000 0.006898
-57.099500 -67.489500 -666.545000 0.002074
-50.132300 -67.495700 -668.268000 0.001149
-43.161600 -67.499900 -669.988000 0.001622
-36.186300 -67.508900 -671.717000 0.001005
-29.218500 -67.516100 -673.433000 0.001108
-22.245400 -67.521400 -675.172000 0.001914
-15.270100 -67.527800 -676.908000 0.003351
-8.299890 -67.534600 -678.630000 0.000253
-1.332870 -67.542900 -680.369000 -0.001937
5.638210 -67.547100 -682.106000 0.002355
12.603000 -67.555000 -683.834000 -0.000458
19.579600 -67.564200 -685.557000 -0.000687
26.553100 -67.569200 -687.286000 -0.001112
33.526300 -67.572600 -689.010000 0.000401
40.501200 -67.584200 -690.736000 0.000538
47.475400 -67.587400 -692.450000 0.001226
54.453400 -67.594300 -694.185000 -0.001125
61.417700 -67.601300 -695.915000 0.003498
68.381600 -67.608000 -697.655000 -0.000673
75.350200 -67.614000 -699.384000 0.001965
82.323700 -67.618500 -701.094000 0.000774
89.308900 -67.628500 -702.826000 -0.003232
96.264400 -67.638900 -704.557000 -0.001105
103.228000 -67.642800 -706.277000 -0.002760
110.207000 -67.651300 -708.016000 0.000069
117.177000 -67.659700 -709.743000 -0.000205
124.147000 -67.661100 -711.467000 -0.000038
131.115000 -67.669600 -713.182000 0.001390
138.083000 -67.671700 -714.891000 0.000210
-168.623000 -60.193200 -638.939000 -0.018681
145.057000 -67.678300 -716.608000 0.002062
-161.654000 -60.203200 -640.673000 -0.013882
152.040000 -67.685500 -718.321000 0.000647
-154.689000 -60.208800 -642.413000 -0.005845
159.003000 -67.689400 -720.032000 -0.002268
-147.723000 -60.217000 -644.144000 -0.002408
-140.754000 -60.221500 -645.881000 0.000391
-133.786000 -60.229700 -647.605000 -0.000849
-126.821000 -60.238800 -649.348000 0.001562
-119.850000 -60.242500 -651.080000 0.003301
-112.886000 -60.253000 -652.821000 0.005697
-105.917000 -60.259900 -654.550000 0.006608
-98.948800 -60.263700 -656.282000 0.004670
-91.985000 -60.274200 -658.021000 0.007684
-85.009700 -60.280900 -659.752000 0.010362
-78.036100 -60.286200 -661.464000 0.006673
-71.060100 -60.292900 -663.180000 0.003900
-64.090100 -60.301300 -664.905000 0.005301
-57.120900 -60.307200 -666.628000 0.003913
-50.152400 -60.309600 -668.347000 0.004986
-43.175600 -60.319000 -670.074000 0.003816
-36.200800 -60.327400 -671.794000 0.001805
-29.235700 -60.329500 -673.526000 0.003470
-22.259000 -60.336500 -675.243000 -0.002219
-15.279400 -60.347000 -676.989000 -0.001383
-8.311090 -60.352000 -678.714000 -0.002147
-1.356200 -60.357800 -680.450000 0.001254
5.624680 -60.366700 -682.187000 0.000931
12.589800 -60.375200 -683.908000 -0.001411
19.565800 -60.377300 -685.637000 -0.003115
26.539000 -60.386200 -687.373000 -0.000325
33.511400 -60.395800 -689.093000 -0.000933
40.487100 -60.399700 -690.812000 0.000071
47.460900 -60.406600 -692.538000 0.001513
54.441200 -60.410400 -694.254000 0.001744
61.403400 -60.419000 -695.987000 0.000440
68.364300 -60.424700 -697.726000 0.000402
75.336400 -60.433600 -699.448000 0.001479
82.304300 -60.442400 -701.189000 -0.000137
89.293200 -60.443500 -702.908000 -0.000506
96.250900 -60.453800 -704.629000 -0.001219
103.216000 -60.462200 -706.361000 -0.001731
110.191000 -60.467400 -708.097000 0.000338
117.164000 -60.476100 -709.822000 -0.000602
124.135000 -60.484000 -711.554000 0.000129
131.100000 -60.487200 -713.266000 0.000569
138.066000 -60.492000 -714.972000 0.002444
145.046000 -60.498400 -716.695000 0.001288
152.022000 -60.501500 -718.397000 -0.000070
158.986000 -60.509800 -720.123000 0.001938
-168.655000 -53.016600 -639.040000 -0.006955
-161.676000 -53.020400 -640.769000 -0.006985
-154.705000 -53.027300 -642.495000 -0.007787
-147.738000 -53.035400 -644.233000 -0.003796
-140.771000 -53.041600 -645.970000 0.001080
-133.814000 -53.052200 -647.714000 0.007592
-126.838000 -53.053800 -649.439000 0.003429
-119.869000 -53.061400 -651.169000 0.003849
-112.899000 -53.067000 -652.893000 0.000193
-105.936000 -53.078900 -654.647000 0.010056
-98.970500 -53.085100 -656.381000 0.009761
-92.002700 -53.091600 -658.102000 0.008533
-85.022800 -53.096000 -659.829000 0.008929
-78.051200 -53.103000 -661.543000 0.003266
-71.076400 -53.110800 -663.254000 0.000995
-64.100700 -53.116500 -664.982000 0.002590
-57.132000 -53.125000 -666.707000 0.002854
-50.168200 -53.129500 -668.441000 0.004217
-43.191700 -53.137800 -670.155000 0.001933
-36.217900 -53.141100 -671.886000 0.002852
-29.251500 -53.147200 -673.607000 0.003027
-22.274500 -53.157300 -675.335000 -0.003570
-15.297600 -53.164900 -677.075000 -0.002142
-8.329110 -53.168300 -678.807000 -0.001686
-1.364410 -53.177700 -680.543000 -0.001645
5.607950 -53.185900 -682.270000 0.001606
12.575600 -53.186700 -684.003000 -0.000558
19.544700 -53.196100 -685.720000 0.001449
26.522700 -53.203800 -687.455000 -0.001517
33.493800 -53.209800 -689.174000 -0.001583
40.472700 -53.216100 -690.901000 0.000721
47.441900 -53.225700 -692.626000 0.004534
54.424400 -53.231200 -694.353000 0.000155
61.389100 -53.237000 -696.075000 -0.001280
68.351000 -53.242800 -697.804000 0.000425
75.320000 -53.249400 -699.546000 0.000876
82.291800 -53.257200 -701.263000 0.001110
89.275900 -53.267900 -702.997000 -0.000713
96.236600 -53.277500 -704.721000 -0.002461
103.197000 -53.282500 -706.455000 -0.002166
110.179000 -53.287200 -708.180000 -0.001294
117.148000 -53.294900 -709.912000 0.000362
124.114000 -53.301700 -711.632000 0.002061
131.085000 -53.309400 -713.350000 0.000120
138.055000 -53.315200 -715.066000 0.000467
145.029000 -53.320600 -716.777000 0.000533
152.006000 -53.320400 -718.488000 0.002606
158.971000 -53.328900 -720.206000 0.001646
-168.671000 -45.835200 -639.119000 -0.010143
-161.694000 -45.836300 -640.854000 -0.007566
-154.722000 -45.844200 -642.581000 -0.010085
-147.749000 -45.852500 -644.313000 -0.007353
-140.787000 -45.862300 -646.050000 -0.001873
-133.821000 -45.867300 -647.788000 -0.000395
-126.857000 -45.870900 -649.530000 0.006890
-119.890000 -45.882800 -651.265000 0.007230
-112.922000 -45.889600 -652.992000 0.006378
-105.946000 -45.895900 -654.725000 0.008961
-98.983900 -45.902000 -656.453000 0.007387
-92.023900 -45.906700 -658.193000 0.012514
-85.042000 -45.918200 -659.910000 0.008655
-78.064100 -45.921800 -661.624000 0.003278
-71.091700 -45.931400 -663.342000 0.003875
-64.120200 -45.934900 -665.068000 0.002594
-57.151800 -45.939900 -666.798000 0.003371
-50.177800 -45.946000 -668.517000 0.001568
-43.204100 -45.955800 -670.240000 0.000939
-36.233100 -45.960700 -671.961000 0.000945
-29.266500 -45.963800 -673.692000 0.001368
-22.289400 -45.969500 -675.420000 -0.001684
-15.313500 -45.980600 -677.161000 -0.002094
-8.345320 -45.991200 -678.887000 -0.001751
-1.380840 -45.994800 -680.613000 -0.001424
5.597680 -46.000000 -682.353000 -0.001343
12.554800 -46.010900 -684.083000 -0.000394
19.535400 -46.014100 -685.811000 -0.001222
26.508000 -46.023000 -687.536000 -0.003095
33.478800 -46.030300 -689.261000 0.001556
40.455900 -46.037200 -690.985000 -0.000464
47.429600 -46.043600 -692.704000 0.001368
54.410400 -46.050000 -694.431000 -0.000283
61.374400 -46.057300 -696.161000 0.000257
68.334100 -46.058000 -697.888000 0.000297
75.308500 -46.067700 -699.611000 -0.000777
82.278100 -46.076600 -701.339000 -0.000719
89.261300 -46.085100 -703.072000 -0.002320
96.221000 -46.092700 -704.805000 -0.002725
103.184000 -46.099700 -706.526000 -0.002774
110.161000 -46.107600 -708.261000 -0.000560
117.135000 -46.115300 -709.993000 -0.001648
124.103000 -46.122800 -711.720000 0.001494
131.072000 -46.127300 -713.435000 0.000620
138.035000 -46.134100 -715.147000 0.002090
145.013000 -46.136200 -716.861000 0.001783
151.991000 -46.142700 -718.581000 0.000712
158.952000 -46.145300 -720.289000 0.001604
-168.679000 -38.654600 -639.201000 -0.013090
-161.710000 -38.660500 -640.942000 -0.006157
-154.740000 -38.666600 -642.677000 -0.005584
-147.771000 -38.673500 -644.411000 0.001162
-140.809000 -38.680200 -646.141000 0.002880
-133.836000 -38.684900 -647.874000 0.000191
-126.872000 -38.691800 -649.609000 0.002089
-119.907000 -38.699800 -651.343000 0.005057
-112.937000 -38.704800 -653.076000 0.010878
-105.963000 -38.713400 -654.801000 0.006647
-99.002200 -38.720300 -656.542000 0.007686
-92.030900 -38.727700 -658.268000 0.007870
-85.055200 -38.737200 -659.994000 0.005954
-78.081400 -38.740600 -661.714000 0.003316
-71.109300 -38.742600 -663.435000 0.003874
-64.131600 -38.754300 -665.147000 0.000736
-57.163000 -38.761500 -666.875000 0.000391
-50.192500 -38.767700 -668.601000 -0.001315
-43.215600 -38.768900 -670.324000 -0.001905
-36.245100 -38.777100 -672.048000 -0.003057
-29.280900 -38.787000 -673.790000 0.001384
-22.305500 -38.794100 -675.498000 -0.004770
-15.327300 -38.799800 -677.239000 -0.005156
-8.353610 -38.803400 -678.970000 -0.005379
-1.394720 -38.813300 -680.700000 -0.003567
5.582230 -38.820300 -682.438000 -0.002369
12.544000 -38.826700 -684.165000 -0.001579
19.518700 -38.832700 -685.889000 -0.003820
26.498600 -38.840400 -687.614000 -0.004446
33.464700 -38.849600 -689.343000 -0.001654
40.444600 -38.855300 -691.064000 -0.001388
47.416100 -38.863800 -692.787000 -0.002495
54.395400 -38.867300 -694.516000 0.001376
61.357600 -38.874100 -696.235000 0.000338
68.324200 -38.879500 -697.958000 -0.001049
75.295100 -38.886900 -699.686000 -0.001146
82.263200 -38.893700 -701.425000 -0.002127
89.249900 -38.904200 -703.158000 -0.000660
96.208600 -38.914100 -704.874000 -0.001280
103.168000 -38.918900 -706.611000 0.000051
110.149000 -38.927000 -708.341000 -0.001401
117.123000 -38.933400 -710.072000 0.000511
124.093000 -38.945300 -711.804000 -0.001283
131.053000 -38.949000 -713.517000 0.000082
138.019000 -38.952700 -715.232000 0.001008
144.999000 -38.956000 -716.951000 -0.000362
151.975000 -38.964900 -718.673000 0.003418
158.943000 -38.965200 -720.380000 0.001634
-168.700000 -31.471000 -639.290000 -0.008049
-161.723000 -31.476900 -641.017000 -0.010474
-154.752000 -31.486400 -642.751000 -0.009040
-147.792000 -31.491900 -644.491000 0.002669
-140.818000 -31.497700 -646.220000 -0.001578
-133.856000 -31.504300 -647.957000 0.005026
-126.889000 -31.510000 -649.692000 0.004571
-119.925000 -31.518500 -651.438000 0.010941
-112.948000 -31.524600 -653.159000 0.007453
-105.982000 -31.532300 -654.885000 0.007888
-99.015700 -31.538100 -656.611000 0.007566
-92.048400 -31.547300 -658.347000 0.008318
-85.067700 -31.551300 -660.074000 0.005804
-78.098700 -31.559900 -661.793000 0.005448
-71.130600 -31.566400 -663.520000 0.006028
-64.147500 -31.574300 -665.234000 0.001393
-57.176800 -31.575500 -666.952000 0.001576
-50.210800 -31.584400 -668.680000 0.001788
-43.235200 -31.593300 -670.401000 -0.000960
-36.260100 -31.598000 -672.133000 0.001440
-29.293400 -31.601800 -673.855000 0.000008
-22.320600 -31.611300 -675.590000 -0.001883
-15.337900 -31.618800 -677.318000 -0.005778
-8.371690 -31.627900 -679.044000 -0.005739
-1.408570 -31.630200 -680.787000 -0.001394
12.533100 -31.647600 -684.250000 -0.002926
19.507500 -31.653000 -685.977000 -0.002808
26.482200 -31.657500 -687.692000 -0.005141
33.451100 -31.664800 -689.424000 -0.001617
40.427100 -31.674200 -691.147000 0.000339
47.402300 -31.679100 -692.864000 -0.000967
54.381200 -31.688900 -694.592000 -0.000690
61.344900 -31.693700 -696.324000 0.000052
68.308800 -31.698300 -698.047000 0.000178
75.279200 -31.704800 -699.774000 -0.001218
82.248600 -31.714300 -701.500000 0.001462
89.236900 -31.724800 -703.242000 -0.000468
96.193100 -31.732400 -704.968000 -0.001765
103.154000 -31.739400 -706.695000 -0.000686
110.137000 -31.747200 -708.419000 0.000268
117.108000 -31.755100 -710.154000 0.001032
124.075000 -31.761400 -711.876000 -0.000089
131.040000 -31.769700 -713.599000 0.000489
138.006000 -31.775700 -715.326000 -0.000273
144.983000 -31.778100 -717.034000 0.001618
151.964000 -31.783400 -718.743000 -0.000876
158.927000 -31.790100 -720.464000 0.002100
-168.717000 -24.291100 -639.380000 -0.004043
-161.739000 -24.295000 -641.098000 -0.010025
-154.777000 -24.304400 -642.841000 0.000005
-147.804000 -24.310700 -644.570000 -0.003119
-140.837000 -24.316900 -646.296000 0.000947
-133.873000 -24.322700 -648.044000 0.006827
-126.909000 -24.330300 -649.767000 0.006360
-119.937000 -24.334600 -651.507000 0.010111
-112.967000 -24.340100 -653.238000 0.007697
-105.999000 -24.347800 -654.961000 0.009001
-99.027100 -24.358100 -656.697000 0.007290
-92.065100 -24.364700 -658.433000 0.007787
-85.086900 -24.368100 -660.162000 0.008365
-78.110000 -24.372600 -661.875000 0.004299
-71.136300 -24.381700 -663.591000 0.000510
-64.161000 -24.390300 -665.305000 0.001516
-57.193100 -24.396500 -667.036000 0.002010
-50.218400 -24.402100 -668.757000 0.000103
-43.247600 -24.410000 -670.480000 0.000188
-36.277000 -24.416600 -672.205000 -0.000047
-29.311400 -24.422400 -673.943000 0.002509
-22.333300 -24.429700 -675.660000 -0.002462
-15.355200 -24.432500 -677.403000 -0.002934
-8.386130 -24.445000 -679.131000 -0.003222
-1.426330 -24.453400 -680.864000 0.000360
5.557510 -24.456700 -682.586000 -0.005476
12.514900 -24.463700 -684.314000 -0.005138
19.490400 -24.470200 -686.052000 -0.001377
26.462300 -24.480300 -687.787000 -0.001106
33.435500 -24.487800 -689.505000 0.000308
40.411600 -24.491000 -691.220000 0.000576
47.387900 -24.497200 -692.953000 -0.001399
54.365400 -24.506600 -694.671000 0.001437
61.328700 -24.507600 -696.400000 0.003130
68.291400 -24.518300 -698.123000 0.001608
75.266900 -24.526400 -699.848000 0.001495
82.238800 -24.531200 -701.587000 0.000476
89.218100 -24.540700 -703.307000 0.001818
96.178700 -24.548800 -705.037000 -0.001144
103.141000 -24.557400 -706.766000 0.001535
110.119000 -24.569600 -708.498000 0.001792
117.091000 -24.575200 -710.232000 0.002474
124.065000 -24.580300 -711.957000 -0.001021
131.028000 -24.591400 -713.688000 -0.001100
137.988000 -24.595300 -715.406000 0.001911
144.973000 -24.598100 -717.111000 -0.000376
151.945000 -24.606500 -718.828000 0.001454
158.910000 -24.611000 -720.544000 0.002376
-168.731000 -17.113000 -639.451000 -0.002798
-161.757000 -17.117600 -641.177000 -0.004149
-154.780000 -17.124400 -642.906000 -0.008345
-147.822000 -17.135200 -644.650000 0.001820
-140.849000 -17.138600 -646.381000 -0.000482
-133.885000 -17.144600 -648.117000 0.003849
-126.920000 -17.151700 -649.852000 0.006596
-119.949000 -17.155500 -651.587000 0.009551
-112.983000 -17.160800 -653.316000 0.007712
-106.009000 -17.167100 -655.044000 0.006230
-99.045800 -17.174600 -656.783000 0.009288
-92.079500 -17.181000 -658.507000 0.008121
-85.104100 -17.186000 -660.240000 0.008989
-78.122700 -17.197500 -661.953000 0.000706
-71.150500 -17.202700 -663.673000 0.002168
-64.176100 -17.205500 -665.386000 0.002061
-57.207000 -17.215600 -667.113000 0.000870
-50.237000 -17.223500 -668.838000 0.001678
-43.257600 -17.227100 -670.560000 -0.002157
-36.286300 -17.235200 -672.285000 -0.000048
-29.320500 -17.243100 -674.011000 -0.001107
-22.347700 -17.249900 -675.741000 -0.004378
-15.369600 -17.259400 -677.479000 -0.005414
-8.398760 -17.264100 -679.210000 -0.003981
-1.437040 -17.268800 -680.937000 -0.005462
5.541480 -17.275700 -682.669000 -0.003316
12.506500 -17.283900 -684.400000 -0.004353
19.479000 -17.293500 -686.131000 -0.006679
26.450600 -17.297100 -687.865000 -0.003099
33.418700 -17.303600 -689.582000 -0.000063
40.402000 -17.312100 -691.298000 -0.000671
47.373200 -17.319400 -693.028000 0.000081
54.354000 -17.322600 -694.755000 -0.000635
61.313900 -17.328300 -696.481000 0.001684
68.281100 -17.333800 -698.200000 0.000545
75.253700 -17.343300 -699.928000 0.000387
82.219400 -17.352100 -701.666000 0.002610
89.205100 -17.360600 -703.399000 0.001006
96.164700 -17.370000 -705.121000 0.001968
103.127000 -17.378900 -706.854000 0.001219
110.106000 -17.388300 -708.588000 0.000681
117.083000 -17.395000 -710.310000 -0.001285
124.046000 -17.405000 -712.049000 0.001718
131.010000 -17.408600 -713.762000 -0.000434
137.978000 -17.414800 -715.479000 0.001480
144.954000 -17.422800 -717.195000 0.001282
151.935000 -17.427600 -718.910000 -0.000195
158.900000 -17.427900 -720.609000 -0.000286
-29.335600 -10.061400 -674.096000 -0.002637
-168.745000 -9.927810 -639.536000 -0.005033
-161.774000 -9.941000 -641.273000 -0.002084
-8.417970 -10.080300 -679.299000 -0.002296
-1.449930 -10.085900 -681.025000 -0.003824
12.490800 -10.100400 -684.486000 -0.004600
-154.798000 -9.943530 -642.991000 -0.004875
-147.840000 -9.948270 -644.737000 0.002575
-140.865000 -9.955380 -646.467000 0.002667
-133.898000 -9.960380 -648.195000 0.000403
-126.931000 -9.969000 -649.921000 0.001759
-119.961000 -9.974900 -651.663000 0.008406
-112.999000 -9.981420 -653.399000 0.009090
-106.024000 -9.984870 -655.128000 0.010138
-99.058700 -9.992410 -656.856000 0.007117
-92.092700 -10.000900 -658.591000 0.008486
-85.116400 -10.004500 -660.322000 0.008950
-78.138200 -10.013300 -662.033000 0.002485
-71.171500 -10.017400 -663.755000 0.005231
-64.189500 -10.023800 -665.463000 0.001687
-57.214900 -10.033600 -667.188000 -0.003337
-50.249600 -10.037900 -668.913000 -0.001113
-43.277800 -10.046000 -670.642000 0.001208
-36.301700 -10.055900 -672.360000 -0.001725
-22.361200 -10.067900 -675.830000 -0.001122
-15.384500 -10.074600 -677.566000 -0.002799
5.524150 -10.096300 -682.756000 -0.002518
19.459700 -10.109400 -686.216000 -0.003689
26.433800 -10.117500 -687.943000 -0.000725
33.407600 -10.122200 -689.665000 -0.003996
40.380800 -10.132000 -691.392000 0.000402
47.358000 -10.138400 -693.102000 0.000900
54.333900 -10.146400 -694.838000 0.002049
61.301900 -10.148300 -696.558000 0.000542
68.266100 -10.154000 -698.289000 0.001457
75.235800 -10.164000 -700.016000 0.001319
82.206900 -10.173800 -701.742000 0.002506
89.191300 -10.180600 -703.475000 0.000533
96.147800 -10.189200 -705.207000 -0.001304
103.109000 -10.199100 -706.942000 0.000477
110.094000 -10.206200 -708.672000 0.000523
117.062000 -10.213500 -710.397000 0.002104
124.030000 -10.222100 -712.122000 0.000820
130.998000 -10.228900 -713.842000 0.000455
137.960000 -10.237100 -715.553000 0.002371
144.942000 -10.240500 -717.279000 0.000598
151.922000 -10.245400 -718.989000 0.001441
158.882000 -10.252900 -720.697000 0.001274
-168.759000 -2.747910 -639.616000 -0.007401
-161.789000 -2.752380 -641.350000 -0.007018
-154.819000 -2.760090 -643.087000 -0.000345
-140.881000 -2.773120 -646.552000 0.001392
-133.918000 -2.780380 -648.285000 0.004033
-147.848000 -2.769140 -644.812000 -0.005081
-126.949000 -2.789380 -650.019000 0.006087
-119.977000 -2.792320 -651.745000 0.006710
-113.011000 -2.796270 -653.475000 0.007552
-106.039000 -2.802300 -655.216000 0.009425
-99.074900 -2.812670 -656.946000 0.005822
-92.110300 -2.819780 -658.674000 0.009378
-85.125100 -2.827580 -660.398000 0.007344
-78.154100 -2.833880 -662.116000 0.004793
-71.179300 -2.837130 -663.832000 0.000774
-64.207800 -2.843760 -665.553000 0.001686
-57.235800 -2.848180 -667.276000 0.000616
-50.259400 -2.854830 -668.994000 -0.007060
-43.288000 -2.865830 -670.727000 -0.002377
-36.316700 -2.874590 -672.456000 -0.001795
-29.352400 -2.880050 -674.179000 -0.001695
-22.377800 -2.885990 -675.913000 -0.001651
-15.398800 -2.893760 -677.642000 -0.003458
-8.432040 -2.900080 -679.386000 -0.002298
-1.465490 -2.908300 -681.103000 -0.004415
5.509600 -2.914460 -682.848000 -0.002955
12.472300 -2.924510 -684.570000 -0.004721
19.447800 -2.930760 -686.298000 -0.002624
26.419200 -2.937260 -688.030000 -0.003091
33.392100 -2.943650 -689.752000 0.000795
40.369200 -2.953420 -691.469000 0.000546
47.344700 -2.956330 -693.189000 -0.000353
54.323300 -2.963770 -694.916000 -0.001503
61.289700 -2.970990 -696.631000 -0.001228
68.249200 -2.976890 -698.360000 0.002223
75.219200 -2.982950 -700.100000 0.004723
82.192000 -2.991330 -701.820000 0.000911
89.173500 -3.003230 -703.548000 0.001390
96.133100 -3.010730 -705.282000 0.000102
103.097000 -3.019340 -707.021000 0.001034
110.074000 -3.025120 -708.744000 0.002039
117.048000 -3.033070 -710.481000 0.000681
124.023000 -3.042120 -712.202000 -0.000271
130.981000 -3.052620 -713.921000 -0.000660
137.950000 -3.057250 -715.635000 -0.000237
144.929000 -3.063570 -717.356000 -0.000121
151.902000 -3.069790 -719.073000 0.001422
158.870000 -3.074450 -720.790000 -0.000265
103.076000 4.160590 -707.091000 0.002329
110.062000 4.152650 -708.836000 0.000569
117.036000 4.143430 -710.555000 0.000839
124.002000 4.133310 -712.277000 0.000618
130.968000 4.130960 -714.002000 0.002457
137.934000 4.122390 -715.712000 0.002705
144.912000 4.114520 -717.437000 0.002123
151.891000 4.108030 -719.152000 -0.000066
158.855000 4.105500 -720.857000 -0.000085
33.374200 4.234530 -689.830000 -0.000648
40.354900 4.230470 -691.550000 0.001251
47.326400 4.220020 -693.268000 0.002137
54.308300 4.215360 -695.001000 0.000364
61.270100 4.210300 -696.721000 0.000516
68.234900 4.203580 -698.442000 0.000086
75.207800 4.198020 -700.178000 0.001529
82.179400 4.186250 -701.900000 -0.001622
89.159300 4.180800 -703.644000 0.001328
96.117600 4.172520 -705.368000 0.000457
-43.302700 4.317610 -670.808000 -0.002784
-36.332500 4.308060 -672.533000 -0.002423
-29.363900 4.301000 -674.260000 -0.003029
-22.392200 4.292970 -675.997000 -0.002040
-15.412500 4.288200 -677.718000 -0.003896
-8.443130 4.277920 -679.455000 -0.002472
-1.479830 4.269500 -681.180000 -0.004328
5.493130 4.261260 -682.928000 0.000190
12.458000 4.259780 -684.650000 -0.004313
19.432300 4.251070 -686.385000 -0.000353
26.405900 4.244890 -688.106000 -0.000076
-106.057000 4.375610 -655.295000 0.012054
-99.091900 4.369630 -657.021000 0.008796
-92.128000 4.361420 -658.762000 0.010040
-85.141600 4.353010 -660.475000 0.004128
-78.167800 4.347560 -662.197000 0.007054
-71.191900 4.341130 -663.915000 -0.000441
-64.218900 4.334700 -665.633000 0.000639
-57.245500 4.331250 -667.349000 -0.004646
-50.277900 4.324900 -669.078000 -0.001558
-161.803000 4.423670 -641.428000 -0.006300
-154.834000 4.417760 -643.169000 -0.003360
-147.870000 4.413590 -644.908000 0.002888
-140.895000 4.406810 -646.632000 0.000016
-133.934000 4.400540 -648.368000 0.004310
-126.963000 4.393390 -650.101000 0.005855
-119.996000 4.388240 -651.837000 0.008463
-113.026000 4.381890 -653.566000 0.006625
-168.772000 4.428630 -639.695000 -0.010947
137.918000 11.299000 -715.791000 0.001122
144.898000 11.295400 -717.502000 0.001683
151.876000 11.288200 -719.225000 0.001178
158.838000 11.279300 -720.935000 -0.001291
-8.460900 11.458500 -679.551000 -0.001214
110.047000 11.333800 -708.912000 0.002694
117.014000 11.322300 -710.636000 0.003491
123.986000 11.315500 -712.360000 0.002730
130.955000 11.309500 -714.080000 0.003381
75.189300 11.374800 -700.260000 0.002351
82.157200 11.366500 -701.987000 0.001572
89.141900 11.359400 -703.731000 0.003208
96.102300 11.346200 -705.455000 0.000986
103.064000 11.338200 -707.180000 0.000981
40.342400 11.410400 -691.625000 0.000204
47.312900 11.402400 -693.348000 0.002432
54.289100 11.394600 -695.082000 0.002494
61.256000 11.388600 -696.803000 0.001350
68.218900 11.382900 -698.537000 0.000884
12.442300 11.436200 -684.732000 -0.002705
19.415700 11.428800 -686.464000 -0.002385
26.395100 11.419600 -688.184000 -0.000631
33.362200 11.415200 -689.910000 0.001420
-22.406200 11.474200 -676.068000 -0.003946
-15.430800 11.466400 -677.816000 -0.001565
-1.493060 11.450500 -681.268000 -0.006049
5.474270 11.446500 -683.014000 -0.000166
-50.296100 11.500400 -669.164000 -0.001205
-43.322400 11.496700 -670.889000 -0.002930
-36.346500 11.489600 -672.617000 -0.002770
-29.377800 11.482200 -674.348000 -0.003817
-78.190400 11.530800 -662.288000 0.009254
-71.205200 11.522700 -663.992000 -0.002817
-64.232600 11.517200 -665.718000 -0.001442
-57.264900 11.508800 -667.445000 -0.000235
-106.074000 11.558000 -655.380000 0.012225
-99.102900 11.549100 -657.104000 0.006525
-92.140700 11.543300 -658.837000 0.010379
-85.161900 11.537200 -660.566000 0.007282
-133.949000 11.582500 -648.455000 0.002850
-126.977000 11.573200 -650.184000 0.003179
-120.011000 11.569400 -651.923000 0.008036
-113.041000 11.564400 -653.648000 0.006911
-161.822000 11.607400 -641.525000 -0.004652
-154.853000 11.598100 -643.265000 -0.001982
-147.883000 11.593800 -644.990000 -0.001441
-140.912000 11.586100 -646.722000 -0.000953
-168.792000 11.609900 -639.788000 -0.008336
151.859000 18.465700 -719.312000 -0.000694
158.827000 18.457200 -721.021000 -0.000210
130.941000 18.488300 -714.169000 -0.000646
137.906000 18.483200 -715.880000 0.002353
144.883000 18.474300 -717.598000 0.002031
110.028000 18.507000 -708.986000 0.003130
117.003000 18.501800 -710.724000 0.003887
123.974000 18.493700 -712.438000 -0.000159
89.126900 18.534400 -703.810000 0.000882
96.084300 18.530700 -705.532000 0.001616
103.047000 18.517000 -707.264000 0.003675
68.204100 18.563200 -698.611000 -0.000708
75.172900 18.553900 -700.340000 0.000166
82.146700 18.543600 -702.079000 0.001286
47.300500 18.582300 -693.431000 -0.000037
54.276200 18.575600 -695.162000 0.000725
61.240000 18.567700 -696.894000 0.002728
26.377500 18.604100 -688.269000 -0.002755
33.349600 18.595700 -689.986000 0.000528
40.324100 18.590600 -691.716000 0.000631
5.464760 18.624400 -683.093000 -0.000698
12.427500 18.616300 -684.821000 -0.001614
19.400700 18.611700 -686.544000 -0.002470
-15.441600 18.644600 -677.894000 -0.004186
-8.475760 18.635700 -679.628000 -0.002806
-1.507080 18.629400 -681.347000 -0.003838
-29.398800 18.664400 -674.435000 -0.000145
-22.420900 18.656000 -676.160000 -0.003678
-50.309300 18.684900 -669.253000 -0.003163
-43.336500 18.675000 -670.982000 -0.002036
-36.360800 18.666900 -672.699000 -0.004516
-71.229600 18.703600 -664.093000 0.001831
-64.249600 18.697800 -665.816000 0.000750
-57.277600 18.693700 -667.519000 -0.004006
-92.154400 18.726100 -658.931000 0.009075
-85.174200 18.717900 -660.652000 0.004443
-78.204500 18.711600 -662.373000 0.004937
-106.091000 18.736300 -655.467000 0.010837
-99.117700 18.733100 -657.184000 0.005228
-126.994000 18.756600 -650.276000 0.003210
-120.028000 18.750800 -652.014000 0.007247
-113.057000 18.747100 -653.744000 0.008194
-147.896000 18.772400 -645.084000 -0.004073
-140.930000 18.766700 -646.815000 0.000631
-133.964000 18.760400 -648.540000 0.002217
-161.833000 18.780800 -641.611000 -0.007830
-154.871000 18.779200 -643.348000 -0.003009
-168.808000 18.790400 -639.872000 -0.011049
158.806000 25.639400 -721.113000 0.001827
137.890000 25.657100 -715.967000 0.000386
144.865000 25.649800 -717.684000 0.001050
151.843000 25.650000 -719.402000 0.001143
123.957000 25.672500 -712.525000 0.002834
130.924000 25.667400 -714.250000 0.001823
110.018000 25.687700 -709.080000 0.003005
116.989000 25.684100 -710.796000 0.001822
96.070500 25.703700 -705.623000 0.003051
103.033000 25.695400 -707.350000 0.002811
75.157900 25.733500 -700.434000 0.002636
82.128400 25.720200 -702.160000 0.004030
89.110300 25.715700 -703.900000 0.001884
61.224000 25.748500 -696.979000 0.002971
68.184700 25.740100 -698.708000 0.001849
47.283200 25.760400 -693.519000 -0.000177
54.263800 25.753900 -695.249000 -0.001287
33.331200 25.774900 -690.075000 0.001722
40.312100 25.767000 -691.802000 -0.002508
19.389000 25.789500 -686.634000 -0.004859
26.359400 25.783100 -688.357000 -0.001665
5.450930 25.802800 -683.167000 -0.003572
12.410700 25.793500 -684.905000 -0.003166
-8.490370 25.816700 -679.705000 -0.003648
-1.528120 25.809800 -681.434000 -0.004732
-22.438500 25.830400 -676.251000 -0.004120
-15.458600 25.829700 -677.986000 -0.002746
-36.378000 25.848700 -672.785000 -0.003130
-29.416800 25.843800 -674.516000 -0.003039
-57.292700 25.870800 -667.617000 -0.003951
-50.323400 25.863800 -669.346000 -0.000731
-43.354100 25.855800 -671.062000 -0.001283
-71.246100 25.883600 -664.189000 0.001860
-64.271700 25.877700 -665.910000 0.001936
-85.189600 25.898000 -660.740000 0.003524
-78.216100 25.889200 -662.472000 0.003490
-99.141800 25.912500 -657.289000 0.009451
-92.168900 25.903800 -659.015000 0.007899
-113.070000 25.923400 -653.820000 0.004727
-106.102000 25.916000 -655.551000 0.006947
-127.007000 25.934300 -650.366000 0.001678
-120.045000 25.928300 -652.100000 0.006106
-133.983000 25.941300 -648.637000 0.002892
-147.914000 25.955300 -645.172000 -0.002874
-140.942000 25.946700 -646.898000 -0.005581
-161.849000 25.961700 -641.696000 -0.009094
-154.886000 25.956100 -643.436000 -0.004635
-168.827000 25.968200 -639.970000 -0.008317
158.793000 32.814000 -721.200000 0.001123
144.853000 32.831800 -717.780000 0.000635
151.826000 32.820800 -719.488000 0.000944
137.870000 32.835200 -716.063000 0.000589
123.942000 32.849000 -712.625000 0.001105
130.905000 32.842000 -714.334000 0.001677
110.002000 32.866300 -709.160000 0.002627
116.968000 32.857200 -710.884000 0.002728
96.055100 32.883100 -705.716000 0.001892
103.017000 32.873800 -707.441000 0.000765
82.110600 32.902400 -702.248000 0.002935
89.098100 32.896100 -703.985000 0.001867
75.141700 32.909900 -700.526000 0.004899
61.210600 32.925400 -697.062000 -0.000319
68.168800 32.921800 -698.795000 0.004517
47.265400 32.937700 -693.609000 0.001158
54.245800 32.932400 -695.329000 0.000101
40.292100 32.948400 -691.895000 0.001835
26.347100 32.961600 -688.451000 -0.001324
33.313400 32.954800 -690.172000 0.001448
12.397100 32.974300 -684.984000 -0.004460
19.369900 32.965600 -686.727000 -0.001536
-1.546920 32.990700 -681.535000 -0.001473
5.435810 32.983900 -683.256000 -0.002985
-8.504060 32.996600 -679.803000 -0.004202
-22.456100 33.015200 -676.335000 -0.002823
-15.475800 33.003500 -678.069000 -0.003306
-29.428400 33.021000 -674.606000 -0.002708
-36.395200 33.027700 -672.886000 -0.000665
-57.314700 33.049400 -667.716000 -0.000991
-50.343100 33.046800 -669.434000 -0.001751
-64.289200 33.055100 -666.003000 0.001262
-78.233400 33.069600 -662.557000 0.002439
-71.263500 33.065000 -664.283000 0.001922
-92.187100 33.083100 -659.107000 0.006936
-85.202100 33.076600 -660.825000 0.000443
-99.153900 33.089600 -657.369000 0.006297
-113.093000 33.106900 -653.931000 0.011150
-106.119000 33.098300 -655.650000 0.007770
-120.065000 33.111400 -652.199000 0.010621
-133.995000 33.116400 -648.727000 0.002657
-127.031000 33.113900 -650.463000 0.005883
-140.960000 33.125500 -646.991000 -0.004795
-147.933000 33.132900 -645.269000 0.002598
-161.864000 33.143000 -641.778000 -0.009741
-154.904000 33.137600 -643.522000 -0.002054
-168.838000 33.147800 -640.049000 -0.012550
151.809000 39.995600 -719.581000 0.001039
158.776000 39.992400 -721.280000 0.001600
137.854000 40.010400 -716.143000 0.002934
144.834000 40.006600 -717.877000 0.002196
130.889000 40.017800 -714.429000 0.000104
116.956000 40.035800 -710.977000 0.001644
123.924000 40.028400 -712.703000 0.003367
109.981000 40.043200 -709.259000 0.002854
96.035400 40.060800 -705.787000 0.003587
103.000000 40.051100 -707.515000 0.003825
89.078000 40.069200 -704.063000 0.001767
82.096400 40.083000 -702.332000 0.001888
68.154300 40.096300 -698.871000 0.005297
75.124000 40.089100 -700.606000 0.001801
61.194100 40.104000 -697.143000 -0.000533
47.249300 40.120900 -693.697000 0.001277
54.229100 40.111800 -695.429000 -0.000040
40.276700 40.124400 -691.974000 -0.001126
33.298100 40.131700 -690.257000 0.002222
19.354400 40.148500 -686.800000 -0.004726
26.329400 40.138100 -688.533000 -0.000910
12.382600 40.154600 -685.076000 -0.004118
-1.564220 40.167600 -681.627000 0.002313
5.417770 40.159100 -683.348000 -0.001353
-8.522330 40.176300 -679.884000 -0.002064
-15.491900 40.182500 -678.158000 -0.005344
-29.448600 40.199200 -674.699000 0.000389
-22.468700 40.190300 -676.424000 -0.006226
-36.408100 40.209000 -672.965000 -0.002953
-43.383800 40.212700 -671.246000 -0.001632
-57.332000 40.229000 -667.805000 -0.000220
-50.360200 40.218600 -669.524000 -0.001642
-64.307100 40.238000 -666.090000 0.001249
-78.252600 40.246600 -662.651000 0.005012
-71.276000 40.240400 -664.368000 0.000178
-85.223500 40.255300 -660.930000 0.004513
-92.206200 40.267900 -659.197000 0.007344
-106.134000 40.275500 -655.735000 0.007111
-99.166700 40.270600 -657.461000 0.003992
-113.105000 40.282500 -654.006000 0.005264
-120.073000 40.286700 -652.275000 0.005341
-127.042000 40.293200 -650.542000 0.000806
-134.011000 40.300300 -648.812000 -0.001582