0.0136985
-0.00599965
-0.00563067
-0.00277287
-0.00942391
-0.00808709
-0.00143567
-0.00323898
-0.00201967
0.000868747
0.00962787
0.00670823
0.00760968
0.00403874
0.00788752
0.00469477
0.00171293
0.00446551
0.00682541
0.00272012
0.00762492
-0.00385871
0.00093401
-0.00479225
-0.00224658
0.000526954
0.00570605
0.00104589
0.00685343
0.00692114
0.00172097
0.00427433
0.00180399
0.00712511
0.00183382
0.00672036
0.00455991
0.00193713
0.00611167
0.00652713
0.00198885
0.0023907
0.00067391
0.00147694
0.00198182
0.00294665
0.00344595
0.00110263
0.00418437
0.000624579
0.00430678
0.000986036
0.0026624
0.00275789
-0.00209495
-0.00103315
-0.000849919
0.0013891
0.00204188
0.00131123
-0.130096
0.00310283
0.00490427
0.00460746
0.000893191
-0.00438851
-0.0030708
-0.00239499
-0.00068587
-0.00534471
-0.00389407
-0.00147858
-0.00865083
-0.000608203
0.000939919
0.00379062
0.0034281
0.00389086
0.00781169
0.00671793
0.00548043
0.00440676
0.00401193
0.00375496
0.00610148
0.00299915
0.00169393
0.00231051
0.00309522
0.00546531
0.00305316
-0.000624853
0.00307745
0.00415579
0.00376817
0.00257406
0.00100967
0.000878462
0.00215086
0.000957247
0.00235147
0.000940276
0.00111986
9.03557e-05
0.00201246
-0.000678348
0.000233188
0.00249739
0.00308196
0.002824
0.000805273
0.000203665
0.00098541
-0.000334651
-0.00532951
-0.0771525
-0.00537345
-0.0105964
-0.00972303
-0.00491804
-0.00300156
-0.00622084
-0.00145802
0.00118521
0.000136331
0.00475026
0.00479961
0.00992918
0.0063502
0.00508902
0.00215948
0.00285825
0.00292114
0.00402427
0.00037354
0.00074278
0.00273727
0.00388323
0.00229854
-0.00142212
0.00112797
0.00137657
0.000191841
0.00178203
0.00132353
-0.00179761
-0.000967074
-0.000865754
0.00134203
0.00249134
0.00534612
0.000380663
0.000653122
-0.00157971
0.00133782
3.12522e-05
0.000302611
0.000961283
0.0013898
0.00426258
0.00277362
0.00025774
-0.000996077
0.000237654
-0.00345173
-0.0089588
-0.0447162
0.00544694
-0.00901542
-0.00422145
-0.00261989
0.00207771
-0.000579196
-0.000874431
0.00208988
0.00476734
0.00759205
0.00590978
0.00174761
0.00631873
0.00645307
0.00462346
0.00214282
0.00436434
0.00303547
0.000119253
0.00343406
0.000478252
0.00180965
0.00105924
0.000201801
0.000578841
-0.000346857
0.000674127
-0.00463336
-0.00108089
0.00321949
6.03804e-05
0.00127105
0.00165989
0.000269823
0.000323319
0.00212985
0.00157778
0.000695203
0.000206492
0.004888
-4.08966e-05
0.00233527
0.00332393
0.000548866
0.00313312
-0.000113396
-0.00162732
-0.0020038
-0.0111459
-0.0084867
-0.00108703
0.00476778
0.00276317
0.0011888
0.0034777
0.00501544
-0.000722637
0.00474778
0.00778565
0.0101351
0.0104523
0.00586251
0.00635281
-0.000599963
0.00222284
0.00309644
0.00395729
0.000497713
-0.00148505
0.000416369
0.000443827
-0.00221402
0.000548664
0.000373043
-0.00273299
0.000480061
5.71732e-05
-0.0025876
0.00134165
0.00133437
0.00236374
0.000263661
0.00249221
0.000582405
0.000160034
0.0013162
-0.000162108
1.65506e-06
0.000960276
0.000526482
0.00248896
0.0028546
0.00169605
0.000343605
-0.00129366
-0.00317109
-0.0031837
0.00460222
0.00432673
-0.00374054
-0.0107759
0.00140048
0.00118632
0.00511862
-0.00171969
0.00488986
0.00912419
0.00583172
0.00788115
0.00708439
0.0091365
0.00239853
0.00251074
0.00263729
0.000377312
0.00435043
-0.00219582
-0.00119164
0.00402899
-0.00465066
-0.00242914
-8.75272e-05
-0.000295819
-0.00332069
-0.00121625
-0.00301827
-0.00368558
0.00106487
0.00198765
-0.00145888
0.00300267
0.00410039
0.00196809
0.000704312
0.00299009
-0.00057814
0.00136696
0.00034976
-0.000874663
0.00234462
0.0016878
0.00187004
0.00133355
0.00220265
-0.00093016
-0.00294346
-0.000691836
-0.00737902
-0.000164832
-0.0036146
0.000247157
0.0083318
0.0111114
0.00124371
0.00820579
0.00862459
0.00718558
0.0130999
0.00933985
0.00981882
0.00559538
0.00267858
0.00571265
0.000324763
-0.0019214
0.000938045
-0.000796228
0.00204905
0.000831648
-0.00133416
-0.00329741
-0.00340568
-0.00376899
-0.000939223
-0.00225223
-0.00432443
-0.00175881
-0.000991648
0.000464219
0.000593724
0.000533958
0.000846137
0.000157554
0.00324364
-0.00155433
0.00216461
0.000277175
0.000704128
-5.32353e-05
-0.000385349
0.00253117
0.00251678
0.00160618
0.00272432
-0.000265242
0.00352777
-0.00461594
0.00268439
-0.00235671
0.00334137
-0.00037782
0.00492917
0.00733243
0.00295702
0.00942736
0.00789191
0.00426146
0.00774706
0.00324726
0.00856214
0.000842343
-0.00201565
0.000367769
0.000509796
-0.00085479
0.00114201
-0.0005428
-0.00479975
-0.000743259
-0.0021086
-0.00124498
-0.000399021
-0.00301705
-0.00328529
-0.00280963
8.34411e-05
-0.000728912
0.0011809
0.00121736
0.000899167
-0.000153599
0.00127401
-0.00136684
-0.000998051
-0.0018595
-0.000274591
0.000430806
0.00208943
0.000513327
0.000701587
0.00174241
0.00332325
0.000466714
0.00426604
0.000570952
0.00374933
-0.00014844
0.00368
-0.00365454
0.00495872
0.0109399
0.0121435
0.00702995
0.0142007
0.00596764
0.00343774
0.00178733
0.00484313
-0.000774088
-0.00139527
-0.00341089
-0.00473794
-0.00315594
-0.00139377
0.000638449
-0.00416199
-0.00254397
-0.00413821
-0.00545202
-0.000601068
-0.00369831
-0.00423575
-0.00056416
-0.00181115
0.00133499
-0.000831911
0.00139256
-0.00101631
0.000879362
0.00202184
0.00173912
0.00138809
0.000119821
-0.000411233
0.000800214
0.00133183
0.000684187
-0.000717795
0.00190656
0.00190571
0.00456254
0.00120336
0.000457489
0.00404906
0.00304946
0.00502045
-0.00243924
0.00545447
0.00925546
0.00763013
0.00981382
0.00760145
0.007952
0.00883575
0.00863845
0.00315463
0.00512419
0.00185768
-0.00165534
-0.00378018
-0.00405999
-0.00280608
-0.00283075
-0.00364655
-0.00303913
-0.00700232
-0.000313259
-0.0016928
-0.00636153
-0.00315242
-0.00317039
-0.00100653
-0.00120134
0.000288158
0.00129304
-0.00165791
-0.00041511
0.00204577
-0.000832199
0.00149573
0.00116147
0.00222344
0.00104979
0.00251383
0.00124137
0.0021992
0.00374724
0.00336473
0.0014633
0.000169792
-0.00365546
0.00201162
0.0013929
0.00653816
0.00322731
0.00609846
0.00716023
0.0102541
0.00867101
0.0134612
0.0103803
0.00605776
0.00112203
0.00361459
-0.00130289
0.0014781
-0.00565571
-0.00317457
-0.0049304
-0.00440815
-0.000573863
-0.00485315
-0.00463905
-0.00287997
-0.00370759
-0.00317691
-0.00369703
-0.00684423
-0.00482176
-0.00132433
-0.00118609
-0.00183218
-0.000532639
-0.00163992
0.00023331
0.00130328
-0.00197117
0.000377554
-0.00215541
0.000629865
9.6294e-05
0.00460267
-0.00133722
0.00250903
0.00206291
0.00198762
0.00221151
0.00368415
0.0045524
0.00210331
0.00391751
0.00174862
-0.00219435
-0.000781393
-0.003261
0.00111208
0.000996742
0.00123911
0.000479158
0.000121273
0.000898534
0.00080594
0.00280637
-0.00512881
-0.00488516
-0.00664545
-0.000269995
-4.21271e-05
-0.00685628
-0.00301602
-0.00662025
-0.00301401
-5.04929e-05
0.00197163
-0.00173712
-0.00490891
-0.00330358
-0.00276879
-0.00298171
-0.0059213
0.0103736
0.00867575
0.0120494
0.01393
0.00430089
0.00401834
0.00504821
-0.00309659
0.00018724
0.0011249
0.00195505
0.00218919
0.00434406
0.00955204
0.0089105
0.00311151
0.00231276
0.000551112
0.0043367
0.00316335
0.000649513
0.00315491
0.00199283
0.0023524
0.00221659
5.68218e-05
0.00154599
0.00170508
-0.00254108
9.23538e-05
0.000463253
-0.001081
-0.000859881
-0.00567922
-0.00678581
-0.00499402
-0.00181563
-0.00352664
-0.00356982
-0.00504548
-0.00315166
-0.00585427
-0.00336622
-0.00130763
-0.00271091
-0.00506005
0.00275723
0.00305826
-0.00103681
-0.00169388
0.00938964
0.00740271
0.00680251
0.00784994
0.00553945
0.00778243
0.00848708
0.0074453
0.00386099
-0.00342555
0.00435855
-0.000213229
-0.0105315
0.00288462
0.00158384
0.00103346
0.00306347
0.00162133
0.00424038
0.00179735
0.00305331
-0.0010034
0.00375365
0.00044615
0.0015186
-0.000667285
0.00042772
-0.00185859
-0.00155229
-0.000728574
-0.00041876
-0.00652946
-0.00687995
-0.00584427
-0.00516851
-0.00621609
-0.00375354
-0.00307916
-0.00877322
-0.00580835
-0.00699641
-0.00664676
-0.00571913
-0.00329746
-0.00338523
-0.00493224
0.00480563
0.00036943
0.00585805
0.00529359
0.00892265
0.0104634
0.0126669
0.00566606
0.00547615
0.00332635
0.00644995
0.00616495
0.00703171
-0.00100611
0.00236426
0.00292104
0.00265541
0.0012145
7.24699e-05
0.00255836
0.00273745
0.00275705
0.000137287
0.00156119
0.00133238
0.00201178
-0.00590587
-0.00620668
0.00124351
0.00248993
0.00425785
-0.00490425
5.91251e-05
0.00166842
-0.00293764
-0.00306855
-0.000278087
-0.0056376
-0.0021271
-0.00525127
-0.0050761
-0.00679625
-0.000655584
-0.00289982
-0.00199306
-0.000966372
-0.00654922
-0.00147635
0.00180947
0.00548761
0.00491806
0.0100138
0.00467867
0.0112138
0.0115028
0.00523389
0.00926458
0.00645529
0.0112312
0.00977949
0.00332323
-0.00164782
0.00423414
0.000511408
0.00382712
0.00290934
0.00389144
0.00393433
0.00190313
0.00371653
0.000474154
0.00198815
0.00351942
0.0017011
0.00296749
0.00398986
-0.00136965
-0.00060537
-0.00112831
-0.000531052
-0.000503429
-0.00236396
-0.00739662
-0.00594137
-0.00788718
-0.00771827
-0.00427891
-0.00812837
-0.00673171
-0.00480047
-0.00789102
-0.00599626
-0.00636575
-0.00479035
-0.00470056
-0.00360814
0.00329085
0.00197116
0.00205565
0.00485082
0.00794432
0.00916375
0.00462607
0.0056731
0.00386412
0.00539408
0.00366507
-0.000162379
0.00427473
0.000646455
0.00292768
0.000319455
0.00659174
0.00285359
0.00353857
0.00429069
0.0037639
0.00201596
0.00316006
0.00246499
0.000883427
0.00272338
0.00138649
0.00168018
0.00297711
0.000775234
-0.000680495
0.000673472
-0.00116226
-0.0042129
-0.0024775
-0.00335014
-0.00525062
-0.00547362
-0.00469249
-0.0042505
-0.0028249
-0.00486314
-0.00231169
-0.00526994
-0.00310441
-0.0040202
-0.00570841
0.00121883
-0.000172601
0.000278845
0.00296822
0.00896389
0.00603487
0.00848491
0.00532407
0.0102216
0.00728935
0.00465452
0.00621275
0.00200296
0.0035039
0.00623111
0.00239112
0.00308239
0.000352592
0.00194929
0.00333778
0.0015623
0.00296637
0.00506345
0.00200417
0.00295088
0.00335999
0.0017578
0.00477372
0.00346202
0.00133409
0.00174266
-0.00128726
-0.00175073
-0.000999397
-0.00475302
-0.00349013
-0.00373637
-0.00816013
-0.0068729
-0.00467945
-0.00588615
-0.00671845
-0.00631848
-0.00685242
-0.00835425
-0.00429317
-0.00568057
-0.00818003
-0.00406587
-0.00198289
-0.00181262
0.00360088
0.0053699
-0.000762703
0.00773056
0.00698104
0.00251477
0.0049292
0.00677188
0.00166207
-0.000263974
2.37773e-05
-0.000136619
0.00141962
0.00167081
-0.000255311
0.00185824
0.00328004
0.00341252
0.00646691
0.00356823
0.00133658
0.00215037
0.00263938
0.0015329
0.000123662
0.00118261
0.00102915
-0.000997895
-0.00150064
0.00135974
-0.000630767
-0.00530115
-0.00634037
-0.00291966
-0.00105099
-0.00552458
-0.00263406
-0.00524277
-0.00645134
-0.00651547
-0.00675429
-0.00531705
-0.0052187
-0.00464686
-0.003784
-0.00206819
-0.00247764
0.00212451
-0.000459566
0.00302175
0.0104695
0.0101067
0.00607663
0.00385193
0.00270827
0.000947935
0.00553162
0.00160934
0.00439596
-0.00283598
0.00160346
-0.00284154
0.00378753
0.00237172
0.00252968
0.00650702
0.00235717
0.00544039
0.0056086
0.00249918
0.00455313
0.00255351
0.00119535
0.00181739
0.00112321
-0.000957353
-0.00106113
-0.00322014
-0.00141212
-0.00326998
-0.00431135
-0.00719234
-0.00444939
-0.00553803
-0.00392312
-0.00692658
-0.00441154
-0.00780371
-0.00285988
-0.00448911
-0.00470108
-0.00863405
-0.00306094
0.000247067
-0.00182882
0.00352523
0.00369981
0.0050085
0.0014761
0.00882417
0.00639256
0.00773368
0.00223011
-0.000491768
-0.0012537
0.00313863
-0.00131683
0.00162486
0.00526634
0.00264862
0.008451
0.00454089
-0.00809882
0.00534624
0.00406519
0.00436268
0.00231209
0.00287456
0.00197959
0.00426619
0.00153541
0.00104117
0.00110184
0.00157119
0.00100478
-0.00266507
-0.00278882
-0.00537874
-0.00619096
-0.00521609
-0.00452756
-0.00290722
-0.00447692
-0.00642294
-0.00503821
-0.00366063
-0.00243328
-0.000786586
-0.00744496
-0.00530275
-0.00355054
-0.0018491
0.00320858
0.00397073
0.00206681
0.00781173
0.00618361
0.00638066
0.00680588
0.00694973
0.00245522
-0.00290316
0.00210594
0.0041483
0.00436983
0.00172992
0.00562851
0.00563571
0.00285327
0.00368114
-0.00438302
0.00601373
0.00414644
0.00406225
-0.000174497
0.0037827
0.00227702
0.00395439
0.00221246
0.00357104
0.00130017
0.000393773
-0.00043638
-0.00199508
-0.00226034
-0.00301482
-0.00732786
-0.00445146
-0.00511459
-0.00317598
-0.0057518
-0.00477157
-0.00597013
-0.00473379
-0.00251385
-0.00668427
-0.00302091
-0.0017371
0.00061325
-0.000932078
0.00486818
0.00509836
0.00528655
0.00435028
0.00260644
0.00478923
0.00146588
0.00586664
0.0046366
0.00924838
0.00126396
-0.00485682
0.00516169
0.00962825
0.005504
0.00126105
0.00345069
0.00345344
0.00237341
0.00407139
0.00397816
0.00342574
-0.00395891
0.00260737
0.000808265
0.00310386
0.00278268
0.00316554
0.00317533
-0.00147498
0.000219483
-0.00143409
-0.00515468
-0.00584987
-0.00765271
-0.00768303
-0.00382117
-0.00452011
-0.00307562
-0.00816331
-0.00771188
-0.0042541
-0.00131357
-0.00245144
-0.00451307
-0.00482798
-0.00716663
0.00179363
-0.0018051
-0.000957222
0.000427921
0.000517174
0.000313589
0.000875809
-0.00160491
0.00838994
0.0011833
0.000597877
0.00181806
0.00496732
0.0100253
0.00204669
0.00327034
0.0020669
0.00424868
0.00115467
-0.00194458
0.00284894
-0.00829205
0.00471003
0.00163217
0.00179154
7.04246e-05
0.000267629
0.00144845
-0.00408983
-0.00127284
-0.00073125
0.000294413
0.00135334
-0.00205804
-0.0040696
-0.00611029
-0.00477027
-0.00695857
-0.0103551
-0.00670991
-0.00905795
-0.00697936
-0.00151848
-0.00286645
-0.00771487
-0.00159566
-0.00146652
-0.00261486
-0.00179514
0.0020292
0.00017017
0.00288857
0.00249928
-0.000521229
0.00314679
0.00257094
0.00474882
0.00221988
0.00268336
0.00379276
0.00472167
0.00935297
0.00258798
0.00178359
0.00719722
0.00255703
0.000828048
0.00251751
0.00323162
0.00508388
-0.000463127
0.0014915
9.1744e-05
0.00224658
0.00329705
-6.8867e-05
-0.0010566
-0.000784743
-0.00744381
-0.00227655
0.00354074
-0.00460564
-0.00574758
-0.00388018
-0.00722207
-0.00771031
-0.00622271
-0.00426697
-0.00760419
-0.00359791
-0.0042037
-0.0023554
-0.00417982
-0.00447684
-0.00305395
-0.000740809
0.000513509
-0.000265459
-0.00290165
-0.00110407
0.0014218
0.00212119
0.00168681
0.00601142
0.00286308
0.00623091
0.00412215
0.00354309
0.0062807
0.00736697
0.00354221
0.000840241
0.00746572
0.00327992
0.00346845
0.000717456
0.00746214
0.000179457
0.0014891
0.00210986
-0.00279864
0.00298779
0.00109143
0.000160215
0.000737125
-0.00208861
0.00735659
-0.00183027
0.000179357
-0.00482711
-0.00376885
0.00107241
-0.002919
-0.00547461
-0.00396815
-0.00843074
-0.00665728
-0.00648245
-0.0028649
-0.00190495
-0.00344591
-0.00149344
-0.00100136
-0.00418293
0.00135525
-0.00114229
0.00417509
-0.000887396
0.00319118
0.00472317
0.00368259
-0.001713
0.00442986
0.00511577
0.00170333
0.0035211
0.00652696
0.00150437
0.00220302
0.00368604
0.00354682
0.00308253
0.00812365
-0.00179047
0.00686865
0.00145996
0.00952484
0.000563856
0.000786224
1.25151e-05
0.00168766
-0.000745686
-0.00965969
-0.00201345
0.00582267
-0.00513535
-0.000533082
-0.00581264
0.00428915
-0.00681235
0.00766591
-0.00435522
-0.00207282
-0.00403366
-0.00619361
-0.00374437
-0.006411
-0.00584751
-0.00414451
-0.00302418
-0.000164177
-0.000105009
0.00290229
-0.000998205
0.00370207
-0.00487695
0.00157714
0.00121781
0.00205049
0.00351082
0.00170117
0.000856698
0.00238252
0.00494384
0.00100403
0.00954284
0.00258154
0.00477577
0.00317124
0.00362648
0.00279762
0.00466085
0.00281951
0.00362681
0.000986263
0.00470494
-7.89538e-06
0.00112452
0.00675552
-0.00187578
-0.00403401
-0.00503499
-0.00135436
-0.00582465
-0.00111293
-0.00241948
0.0058246
-0.00317532
0.00901872
-0.00506396
0.0109334
-0.00373003
-0.00596607
-0.00646856
-0.00599783
-0.00441364
-0.00357699
-0.000610131
-0.00195285
0.00288579
-0.00129637
0.000642931
-0.0017184
0.00412435
-0.00104016
0.00444626
-0.00447829
0.00362845
0.000820029
0.00491313
0.00182509
0.00205571
0.00503213
0.00218985
0.00192898
0.00468076
0.00253281
0.00604038
0.00180644
0.00616623
-0.000478976
0.000719172
-0.00130966
0.00627926
0.000840378
0.0050747
-0.000892395
0.00769008
-0.00234816
0.00302254
-0.00245705
0.0030552
-0.00647158
-0.00162308
-0.00178992
0.0011556
-0.000543648
-0.001686
-0.0109913
0.0116252
-0.00378031
-0.00468873
0.0120286
-0.00221244
-0.000904771
-0.00271732
-0.00199604
0.000769942
-0.00162559
0.00266319
-0.00206589
0.00278517
-0.00487107
0.00123418
0.000440465
0.00280282
0.00178919
0.00348899
-0.000314313
0.00319333
0.00134989
0.00330935
0.00534412
0.00288466
0.00220991
0.00157298
0.00472087
0.000298988
0.00938594
0.00319417
0.00266694
-4.13506e-05
0.00621349
-0.00215053
0.00036287
-0.00273884
-0.00489271
-0.0040308
0.00950971
-0.00493424
-0.00174311
-0.00477239
-0.00472
-0.0127516
0.0046825
-0.00515365
-0.00544331
0.00496942
-0.00395498
-0.00481856
0.0102224
-0.00409581
-0.00218755
0.0149731
-0.000822149
-0.000424102
0.00213517
-0.0020934
0.00382945
-0.00261427
0.00108731
0.0011519
0.000809865
-0.0024602
0.000420683
-6.52571e-05
0.00112658
-0.00244458
0.00281916
0.00282888
0.00211869
0.00429257
0.00385466
0.0015326
-0.00114181
0.00865813
0.0014024
-0.000352576
0.000566738
0.00322333
0.00117643
0.00803495
-0.00261877
0.00234274
-0.00180922
0.00221629
0.00684641
0.0071703
0.018959
0.0163241
0.0283868
0.0283868
